0.0 7.81 11.66 32.76 14.0 23.77 7.81 11.18 23.77 23.77 0.0 17.2 14.0 7.81 14.87 26.08 26.08 17.2 14.87 11.18 7.81
7.81 0.0 5.0 25.5 9.43 18.0 0.0 4.0 18.0 18.0 7.81 9.43 9.43 0.0 7.21 18.79 18.79 9.43 7.21 4.0 0.0
11.66 5.0 0.0 21.1 12.81 13.0 5.0 6.4 13.0 13.0 11.66 8.0 12.81 5.0 4.12 14.42 14.42 8.0 4.12 6.4 5.0
32.76 25.5 21.1 0.0 28.16 12.08 25.5 24.04 12.08 12.08 32.76 18.25 28.16 25.5 18.38 6.71 6.71 18.25 18.38 24.04 25.5
14.0 9.43 12.81 28.16 0.0 24.35 9.43 6.4 24.35 24.35 14.0 10.0 0.0 9.43 11.7 22.0 22.0 10.0 11.7 6.4 9.43
23.77 18.0 13.0 12.08 24.35 0.0 18.0 18.44 0.0 0.0 23.77 15.26 24.35 18.0 12.65 8.06 8.06 15.26 12.65 18.44 18.0
7.81 0.0 5.0 25.5 9.43 18.0 0.0 4.0 18.0 18.0 7.81 9.43 9.43 0.0 7.21 18.79 18.79 9.43 7.21 4.0 0.0
11.18 4.0 6.4 24.04 6.4 18.44 4.0 0.0 18.44 18.44 11.18 6.4 6.4 4.0 6.0 17.46 17.46 6.4 6.0 0.0 4.0
23.77 18.0 13.0 12.08 24.35 0.0 18.0 18.44 0.0 0.0 23.77 15.26 24.35 18.0 12.65 8.06 8.06 15.26 12.65 18.44 18.0
23.77 18.0 13.0 12.08 24.35 0.0 18.0 18.44 0.0 0.0 23.77 15.26 24.35 18.0 12.65 8.06 8.06 15.26 12.65 18.44 18.0
0.0 7.81 11.66 32.76 14.0 23.77 7.81 11.18 23.77 23.77 0.0 17.2 14.0 7.81 14.87 26.08 26.08 17.2 14.87 11.18 7.81
17.2 9.43 8.0 18.25 10.0 15.26 9.43 6.4 15.26 15.26 17.2 0.0 10.0 9.43 4.12 12.0 12.0 0.0 4.12 6.4 9.43
14.0 9.43 12.81 28.16 0.0 24.35 9.43 6.4 24.35 24.35 14.0 10.0 0.0 9.43 11.7 22.0 22.0 10.0 11.7 6.4 9.43
7.81 0.0 5.0 25.5 9.43 18.0 0.0 4.0 18.0 18.0 7.81 9.43 9.43 0.0 7.21 18.79 18.79 9.43 7.21 4.0 0.0
14.87 7.21 4.12 18.38 11.7 12.65 7.21 6.0 12.65 12.65 14.87 4.12 11.7 7.21 0.0 11.7 11.7 4.12 0.0 6.0 7.21
26.08 18.79 14.42 6.71 22.0 8.06 18.79 17.46 8.06 8.06 26.08 12.0 22.0 18.79 11.7 0.0 0.0 12.0 11.7 17.46 18.79
26.08 18.79 14.42 6.71 22.0 8.06 18.79 17.46 8.06 8.06 26.08 12.0 22.0 18.79 11.7 0.0 0.0 12.0 11.7 17.46 18.79
17.2 9.43 8.0 18.25 10.0 15.26 9.43 6.4 15.26 15.26 17.2 0.0 10.0 9.43 4.12 12.0 12.0 0.0 4.12 6.4 9.43
14.87 7.21 4.12 18.38 11.7 12.65 7.21 6.0 12.65 12.65 14.87 4.12 11.7 7.21 0.0 11.7 11.7 4.12 0.0 6.0 7.21
11.18 4.0 6.4 24.04 6.4 18.44 4.0 0.0 18.44 18.44 11.18 6.4 6.4 4.0 6.0 17.46 17.46 6.4 6.0 0.0 4.0
7.81 0.0 5.0 25.5 9.43 18.0 0.0 4.0 18.0 18.0 7.81 9.43 9.43 0.0 7.21 18.79 18.79 9.43 7.21 4.0 0.0
