0.0 16.77 18.79 0.0 23.84 13.12 19.97 10.2 6.75 13.12 6.75 19.97 7.72 13.12 18.26 9.75 18.79 16.97 18.79 16.05 9.75
16.77 0.0 2.12 16.77 7.12 9.06 4.04 12.21 11.15 9.06 11.15 4.04 9.06 9.06 2.7 15.17 2.12 5.41 2.12 3.18 15.17
18.79 2.12 0.0 18.79 5.3 10.01 2.25 13.52 13.27 10.01 13.27 2.25 11.07 10.01 3.09 16.52 0.0 5.41 0.0 3.82 16.52
0.0 16.77 18.79 0.0 23.84 13.12 19.97 10.2 6.75 13.12 6.75 19.97 7.72 13.12 18.26 9.75 18.79 16.97 18.79 16.05 9.75
23.84 7.12 5.3 23.84 0.0 15.07 5.46 18.75 17.89 15.07 17.89 5.46 16.16 15.07 5.86 21.75 5.3 10.01 5.3 9.0 21.75
13.12 9.06 10.01 13.12 15.07 0.0 9.75 4.04 11.25 0.0 11.25 9.75 7.5 0.0 11.74 6.91 10.01 5.3 10.01 6.18 6.91
19.97 4.04 2.25 19.97 5.46 9.75 0.0 13.58 14.89 9.75 14.89 0.0 12.3 9.75 5.3 16.57 2.25 4.56 2.25 4.04 16.57
10.2 12.21 13.52 10.2 18.75 4.04 13.58 0.0 10.45 4.04 10.45 13.58 7.08 4.04 14.74 3.0 13.52 9.28 13.52 9.75 3.0
6.75 11.15 13.27 6.75 17.89 11.25 14.89 10.45 0.0 11.25 0.0 14.89 3.75 11.25 12.09 11.86 13.27 13.1 13.27 11.45 11.86
13.12 9.06 10.01 13.12 15.07 0.0 9.75 4.04 11.25 0.0 11.25 9.75 7.5 0.0 11.74 6.91 10.01 5.3 10.01 6.18 6.91
6.75 11.15 13.27 6.75 17.89 11.25 14.89 10.45 0.0 11.25 0.0 14.89 3.75 11.25 12.09 11.86 13.27 13.1 13.27 11.45 11.86
19.97 4.04 2.25 19.97 5.46 9.75 0.0 13.58 14.89 9.75 14.89 0.0 12.3 9.75 5.3 16.57 2.25 4.56 2.25 4.04 16.57
7.72 9.06 11.07 7.72 16.16 7.5 12.3 7.08 3.75 7.5 3.75 12.3 0.0 7.5 10.74 9.03 11.07 9.78 11.07 8.49 9.03
13.12 9.06 10.01 13.12 15.07 0.0 9.75 4.04 11.25 0.0 11.25 9.75 7.5 0.0 11.74 6.91 10.01 5.3 10.01 6.18 6.91
18.26 2.7 3.09 18.26 5.86 11.74 5.3 14.74 12.09 11.74 12.09 5.3 10.74 11.74 0.0 17.65 3.09 7.97 3.09 5.86 17.65
9.75 15.17 16.52 9.75 21.75 6.91 16.57 3.0 11.86 6.91 11.86 16.57 9.03 6.91 17.65 0.0 16.52 12.21 16.52 12.75 0.0
18.79 2.12 0.0 18.79 5.3 10.01 2.25 13.52 13.27 10.01 13.27 2.25 11.07 10.01 3.09 16.52 0.0 5.41 0.0 3.82 16.52
16.97 5.41 5.41 16.97 10.01 5.3 4.56 9.28 13.1 5.3 13.1 4.56 9.78 5.3 7.97 12.21 5.41 0.0 5.41 2.37 12.21
18.79 2.12 0.0 18.79 5.3 10.01 2.25 13.52 13.27 10.01 13.27 2.25 11.07 10.01 3.09 16.52 0.0 5.41 0.0 3.82 16.52
16.05 3.18 3.82 16.05 9.0 6.18 4.04 9.75 11.45 6.18 11.45 4.04 8.49 6.18 5.86 12.75 3.82 2.37 3.82 0.0 12.75
9.75 15.17 16.52 9.75 21.75 6.91 16.57 3.0 11.86 6.91 11.86 16.57 9.03 6.91 17.65 0.0 16.52 12.21 16.52 12.75 0.0
