0.0 12.09 3.35 16.77 3.35 13.5 4.5 12.09 13.5 12.09 13.58 16.77 20.18 14.23 3.35 14.77 15.44 3.35 3.35 2.12 3.0
12.09 0.0 12.73 28.46 12.73 24.74 10.61 6.36 24.74 6.36 11.72 28.46 25.63 16.77 15.0 8.75 24.05 10.61 12.73 10.06 10.92
3.35 12.73 0.0 18.0 0.0 15.3 7.65 14.23 15.3 14.23 16.5 18.0 23.43 17.56 3.0 17.1 18.31 2.12 0.0 4.5 6.18
16.77 28.46 18.0 0.0 18.0 4.24 18.12 26.24 4.24 26.24 24.42 0.0 18.25 20.4 15.0 27.9 10.92 19.56 18.0 18.55 17.56
3.35 12.73 0.0 18.0 0.0 15.3 7.65 14.23 15.3 14.23 16.5 18.0 23.43 17.56 3.0 17.1 18.31 2.12 0.0 4.5 6.18
13.5 24.74 15.3 4.24 15.3 0.0 14.23 22.15 0.0 22.15 20.18 4.24 15.0 16.22 12.37 23.72 7.5 16.57 15.3 15.07 13.83
4.5 10.61 7.65 18.12 7.65 14.23 0.0 8.49 14.23 8.49 9.12 18.12 17.1 10.06 7.65 10.82 13.83 6.71 7.65 3.35 1.5
12.09 6.36 14.23 26.24 14.23 22.15 8.49 0.0 22.15 0.0 5.41 26.24 20.01 10.92 15.44 3.0 19.73 12.37 14.23 10.06 9.6
13.5 24.74 15.3 4.24 15.3 0.0 14.23 22.15 0.0 22.15 20.18 4.24 15.0 16.22 12.37 23.72 7.5 16.57 15.3 15.07 13.83
12.09 6.36 14.23 26.24 14.23 22.15 8.49 0.0 22.15 0.0 5.41 26.24 20.01 10.92 15.44 3.0 19.73 12.37 14.23 10.06 9.6
13.58 11.72 16.5 24.42 16.5 20.18 9.12 5.41 20.18 5.41 0.0 24.42 15.07 6.0 16.77 4.5 16.16 15.07 16.5 12.0 10.61
16.77 28.46 18.0 0.0 18.0 4.24 18.12 26.24 4.24 26.24 24.42 0.0 18.25 20.4 15.0 27.9 10.92 19.56 18.0 18.55 17.56
20.18 25.63 23.43 18.25 23.43 15.0 17.1 20.01 15.0 20.01 15.07 18.25 0.0 9.12 21.63 19.56 7.5 23.33 23.43 20.18 18.06
14.23 16.77 17.56 20.4 17.56 16.22 10.06 10.92 16.22 10.92 6.0 20.4 9.12 0.0 16.77 10.5 10.82 16.77 17.56 13.42 11.42
3.35 15.0 3.0 15.0 3.0 12.37 7.65 15.44 12.37 15.44 16.77 15.0 21.63 16.77 0.0 18.12 15.95 4.74 3.0 5.41 6.18
14.77 8.75 17.1 27.9 17.1 23.72 10.82 3.0 23.72 3.0 4.5 27.9 19.56 10.5 18.12 0.0 20.4 15.3 17.1 12.82 12.09
15.44 24.05 18.31 10.92 18.31 7.5 13.83 19.73 7.5 19.73 16.16 10.92 7.5 10.82 15.95 20.4 0.0 18.79 18.31 16.16 14.23
3.35 10.61 2.12 19.56 2.12 16.57 6.71 12.37 16.57 12.37 15.07 19.56 23.33 16.77 4.74 15.3 18.79 0.0 2.12 3.35 5.41
3.35 12.73 0.0 18.0 0.0 15.3 7.65 14.23 15.3 14.23 16.5 18.0 23.43 17.56 3.0 17.1 18.31 2.12 0.0 4.5 6.18
2.12 10.06 4.5 18.55 4.5 15.07 3.35 10.06 15.07 10.06 12.0 18.55 20.18 13.42 5.41 12.82 16.16 3.35 4.5 0.0 2.12
3.0 10.92 6.18 17.56 6.18 13.83 1.5 9.6 13.83 9.6 10.61 17.56 18.06 11.42 6.18 12.09 14.23 5.41 6.18 2.12 0.0
