0.0 4.37 12.48 15.77 16.6 28.02 16.1 9.15 7.12 20.31 28.02 10.45 0.0 20.37 13.1 10.5 9.78 9.15 9.78 4.37 25.14 22.16 25.14 20.37 27.04 4.5 27.04 20.31 0.0 4.37 25.14 10.5 28.02 9.15 0.0 14.27 22.16 20.37 16.1 13.1 13.83 17.89 12.48 22.16 0.0 7.12 4.5 10.5 7.12 10.45 25.14 20.37 16.1 25.14 27.04 9.15 15.77 13.83 13.83 14.27 4.37 7.12 22.16 27.04 18.0 16.6 0.0 25.14 4.37 4.5 15.77 15.77 20.31 28.02 10.45 25.14 0.0 27.26 15.77 16.6 4.5 10.5 28.02 13.83 27.26 20.37 0.0 7.12 12.48 20.31 9.78 17.89 4.37 13.83 14.27 12.48 9.78 0.0 17.89 7.83 16.6 15.77 20.31 25.14 14.27 16.6 16.6 16.1 9.15 17.89 4.5 16.1 15.77 28.02 9.78 4.37 20.37 9.78 20.31 20.92 10.5 4.37 10.5 15.77 20.31 25.14 4.37 4.5 17.89 15.77 10.45 27.26 4.37 22.16 13.83 13.83 15.77 27.09 10.5 4.5 16.1 0.0 10.5 9.15 9.15 27.04 10.45 12.48 9.78 13.1 9.78 25.14 10.45 16.1 13.83 0.0 27.26 7.12 4.37 15.77 20.31 4.37 13.83 13.1 28.02 25.14 27.26 18.0 20.31 0.0 20.92 16.6 13.1 27.04 27.26 10.5 28.02 4.37 9.15 14.27 25.14 16.1 22.16 27.26 0.0 16.1 18.0 20.37 16.1 14.27 25.14 4.37 13.1 28.02 7.83 27.04 4.5 20.92 18.0 25.14 12.48
4.37 0.0 8.11 11.42 12.37 23.84 11.74 5.46 4.74 16.52 23.84 6.18 4.37 17.1 8.78 7.12 5.41 5.46 5.41 2.12 20.92 17.83 20.92 17.1 23.26 2.37 23.26 16.52 4.37 2.12 20.92 7.12 23.84 5.46 4.37 10.92 17.83 17.1 11.74 8.78 9.55 13.52 8.11 17.83 4.37 4.74 2.37 7.12 4.74 6.18 20.92 17.1 11.74 20.92 23.26 5.46 11.42 9.55 9.55 10.92 2.12 4.74 17.83 23.26 14.43 12.37 4.37 20.92 2.12 2.37 11.42 11.42 16.52 23.84 6.18 20.92 4.37 23.3 11.42 12.37 2.37 7.12 23.84 9.55 23.3 17.1 4.37 4.74 8.11 16.52 5.41 13.52 0.0 9.55 10.92 8.11 5.41 4.37 13.52 3.75 12.37 11.42 16.52 20.92 10.92 12.37 12.37 11.74 5.46 13.52 2.37 11.74 11.42 23.84 5.41 0.0 17.1 5.41 16.52 16.77 7.12 2.12 7.12 11.42 16.52 20.92 0.0 2.37 13.52 11.42 6.18 23.3 0.0 17.83 9.55 9.55 11.42 23.68 7.12 2.37 11.74 4.37 7.12 5.46 5.46 23.26 6.18 8.11 5.41 8.78 5.41 20.92 6.18 11.74 9.55 4.37 23.3 4.74 2.12 11.42 16.52 2.12 9.55 8.78 23.84 20.92 23.3 14.43 16.52 4.37 16.77 12.37 8.78 23.26 23.3 7.12 23.84 0.0 5.46 10.92 20.92 11.74 17.83 23.3 4.37 11.74 14.43 17.1 11.74 10.92 20.92 0.0 8.78 23.84 3.75 23.26 2.37 16.77 14.43 20.92 8.11
12.48 8.11 0.0 3.75 5.46 16.52 3.82 5.3 8.25 11.07 16.52 3.09 12.48 13.27 2.12 6.75 2.7 5.3 2.7 8.78 13.52 10.01 13.52 13.27 17.32 9.03 17.32 11.07 12.48 8.78 13.52 6.75 16.52 5.3 12.48 8.39 10.01 13.27 3.82 2.12 2.25 5.41 0.0 10.01 12.48 8.25 9.03 6.75 8.25 3.09 13.52 13.27 3.82 13.52 17.32 5.3 3.75 2.25 2.25 8.39 8.78 8.25 10.01 17.32 10.09 5.46 12.48 13.52 8.78 9.03 3.75 3.75 11.07 16.52 3.09 13.52 12.48 16.77 3.75 5.46 9.03 6.75 16.52 2.25 16.77 13.27 12.48 8.25 0.0 11.07 2.7 5.41 8.11 2.25 8.39 0.0 2.7 12.48 5.41 5.41 5.46 3.75 11.07 13.52 8.39 5.46 5.46 3.82 5.3 5.41 9.03 3.82 3.75 16.52 2.7 8.11 13.27 2.7 11.07 9.86 6.75 8.78 6.75 3.75 11.07 13.52 8.11 9.03 5.41 3.75 3.09 16.77 8.11 10.01 2.25 2.25 3.75 18.79 6.75 9.03 3.82 12.48 6.75 5.3 5.3 17.32 3.09 0.0 2.7 2.12 2.7 13.52 3.09 3.82 2.25 12.48 16.77 8.25 8.78 3.75 11.07 8.78 2.25 2.12 16.52 13.52 16.77 10.09 11.07 12.48 9.86 5.46 2.12 17.32 16.77 6.75 16.52 8.11 5.3 8.39 13.52 3.82 10.01 16.77 12.48 3.82 10.09 13.27 3.82 8.39 13.52 8.11 2.12 16.52 5.41 17.32 9.03 9.86 10.09 13.52 0.0
15.77 11.42 3.75 0.0 2.12 12.77 0.75 9.03 12.0 7.97 12.77 5.41 15.77 10.82 2.7 7.72 6.18 9.03 6.18 12.37 9.78 6.41 9.78 10.82 13.79 11.86 13.79 7.97 15.77 12.37 9.78 7.72 12.77 9.03 15.77 7.5 6.41 10.82 0.75 2.7 4.37 3.09 3.75 6.41 15.77 12.0 11.86 7.72 12.0 5.41 9.78 10.82 0.75 9.78 13.79 9.03 0.0 4.37 4.37 7.5 12.37 12.0 6.41 13.79 7.72 2.12 15.77 9.78 12.37 11.86 0.0 0.0 7.97 12.77 5.41 9.78 15.77 13.1 0.0 2.12 11.86 7.72 12.77 4.37 13.1 10.82 15.77 12.0 3.75 7.97 6.18 3.09 11.42 4.37 7.5 3.75 6.18 15.77 3.09 8.11 2.12 0.0 7.97 9.78 7.5 2.12 2.12 0.75 9.03 3.09 11.86 0.75 0.0 12.77 6.18 11.42 10.82 6.18 7.97 6.18 7.72 12.37 7.72 0.0 7.97 9.78 11.42 11.86 3.09 0.0 5.41 13.1 11.42 6.41 4.37 4.37 0.0 15.61 7.72 11.86 0.75 15.77 7.72 9.03 9.03 13.79 5.41 3.75 6.18 2.7 6.18 9.78 5.41 0.75 4.37 15.77 13.1 12.0 12.37 0.0 7.97 12.37 4.37 2.7 12.77 9.78 13.1 7.72 7.97 15.77 6.18 2.12 2.7 13.79 13.1 7.72 12.77 11.42 9.03 7.5 9.78 0.75 6.41 13.1 15.77 0.75 7.72 10.82 0.75 7.5 9.78 11.42 2.7 12.77 8.11 13.79 11.86 6.18 7.72 9.78 3.75
16.6 12.37 5.46 2.12 0.0 11.47 2.7 10.74 13.58 5.86 11.47 6.18 16.6 8.75 3.75 7.42 7.5 10.74 7.5 13.58 8.55 5.86 8.55 8.75 11.86 12.41 11.86 5.86 16.6 13.58 8.55 7.42 11.47 10.74 16.6 6.18 5.86 8.75 2.7 3.75 6.45 4.56 5.46 5.86 16.6 13.58 12.41 7.42 13.58 6.18 8.55 8.75 2.7 8.55 11.86 10.74 2.12 6.45 6.45 6.18 13.58 13.58 5.86 11.86 5.71 0.0 16.6 8.55 13.58 12.41 2.12 2.12 5.86 11.47 6.18 8.55 16.6 11.35 2.12 0.0 12.41 7.42 11.47 6.45 11.35 8.75 16.6 13.58 5.46 5.86 7.5 4.56 12.37 6.45 6.18 5.46 7.5 16.6 4.56 8.78 0.0 2.12 5.86 8.55 6.18 0.0 0.0 2.7 10.74 4.56 12.41 2.7 2.12 11.47 7.5 12.37 8.75 7.5 5.86 4.5 7.42 13.58 7.42 2.12 5.86 8.55 12.37 12.41 4.56 2.12 6.18 11.35 12.37 5.86 6.45 6.45 2.12 13.52 7.42 12.41 2.7 16.6 7.42 10.74 10.74 11.86 6.18 5.46 7.5 3.75 7.5 8.55 6.18 2.7 6.45 16.6 11.35 13.58 13.58 2.12 5.86 13.58 6.45 3.75 11.47 8.55 11.35 5.71 5.86 16.6 4.5 0.0 3.75 11.86 11.35 7.42 11.47 12.37 10.74 6.18 8.55 2.7 5.86 11.35 16.6 2.7 5.71 8.75 2.7 6.18 8.55 12.37 3.75 11.47 8.78 11.86 12.41 4.5 5.71 8.55 5.46
28.02 23.84 16.52 12.77 11.47 0.0 12.75 21.75 24.76 9.03 0.0 17.65 28.02 11.86 15.17 18.12 18.88 21.75 18.88 25.03 3.0 6.91 3.0 11.86 6.0 23.72 6.0 9.03 28.02 25.03 3.0 18.12 0.0 21.75 28.02 15.19 6.91 11.86 12.75 15.17 16.57 12.21 16.52 6.91 28.02 24.76 23.72 18.12 24.76 17.65 3.0 11.86 12.75 3.0 6.0 21.75 12.77 16.57 16.57 15.19 25.03 24.76 6.91 6.0 11.72 11.47 28.02 3.0 25.03 23.72 12.77 12.77 9.03 0.0 17.65 3.0 28.02 3.75 12.77 11.47 23.72 18.12 0.0 16.57 3.75 11.86 28.02 24.76 16.52 9.03 18.88 12.21 23.84 16.57 15.19 16.52 18.88 28.02 12.21 20.19 11.47 12.77 9.03 3.0 15.19 11.47 11.47 12.75 21.75 12.21 23.72 12.75 12.77 0.0 18.88 23.84 11.86 18.88 9.03 7.12 18.12 25.03 18.12 12.77 9.03 3.0 23.84 23.72 12.21 12.77 17.65 3.75 23.84 6.91 16.57 16.57 12.77 9.75 18.12 23.72 12.75 28.02 18.12 21.75 21.75 6.0 17.65 16.52 18.88 15.17 18.88 3.0 17.65 12.75 16.57 28.02 3.75 24.76 25.03 12.77 9.03 25.03 16.57 15.17 0.0 3.0 3.75 11.72 9.03 28.02 7.12 11.47 15.17 6.0 3.75 18.12 0.0 23.84 21.75 15.19 3.0 12.75 6.91 3.75 28.02 12.75 11.72 11.86 12.75 15.19 3.0 23.84 15.17 0.0 20.19 6.0 23.72 7.12 11.72 3.0 16.52
16.1 11.74 3.82 0.75 2.7 12.75 0.0 9.0 12.02 8.49 12.75 5.86 16.1 11.45 3.18 8.39 6.41 9.0 6.41 12.57 9.75 6.18 9.75 11.45 14.09 12.3 14.09 8.49 16.1 12.57 9.75 8.39 12.75 9.0 16.1 8.25 6.18 11.45 0.0 3.18 4.04 2.37 3.82 6.18 16.1 12.02 12.3 8.39 12.02 5.86 9.75 11.45 0.0 9.75 14.09 9.0 0.75 4.04 4.04 8.25 12.57 12.02 6.18 14.09 8.39 2.7 16.1 9.75 12.57 12.3 0.75 0.75 8.49 12.75 5.86 9.75 16.1 13.29 0.75 2.7 12.3 8.39 12.75 4.04 13.29 11.45 16.1 12.02 3.82 8.49 6.41 2.37 11.74 4.04 8.25 3.82 6.41 16.1 2.37 8.55 2.7 0.75 8.49 9.75 8.25 2.7 2.7 0.0 9.0 2.37 12.3 0.0 0.75 12.75 6.41 11.74 11.45 6.41 8.49 6.41 8.39 12.57 8.39 0.75 8.49 9.75 11.74 12.3 2.37 0.75 5.86 13.29 11.74 6.18 4.04 4.04 0.75 16.05 8.39 12.3 0.0 16.1 8.39 9.0 9.0 14.09 5.86 3.82 6.41 3.18 6.41 9.75 5.86 0.0 4.04 16.1 13.29 12.02 12.57 0.75 8.49 12.57 4.04 3.18 12.75 9.75 13.29 8.39 8.49 16.1 6.41 2.7 3.18 14.09 13.29 8.39 12.75 11.74 9.0 8.25 9.75 0.0 6.18 13.29 16.1 0.0 8.39 11.45 0.0 8.25 9.75 11.74 3.18 12.75 8.55 14.09 12.3 6.41 8.39 9.75 3.82
9.15 5.46 5.3 9.03 10.74 21.75 9.0 0.0 3.09 16.16 21.75 5.86 9.15 17.89 7.12 9.15 3.75 0.0 3.75 4.8 18.75 15.07 18.75 17.89 22.56 7.54 22.56 16.16 9.15 4.8 18.75 9.15 21.75 0.0 9.15 12.21 15.07 17.89 9.0 7.12 5.46 10.01 5.3 15.07 9.15 3.09 7.54 9.15 3.09 5.86 18.75 17.89 9.0 18.75 22.56 0.0 9.03 5.46 5.46 12.21 4.8 3.09 15.07 22.56 14.79 10.74 9.15 18.75 4.8 7.54 9.03 9.03 16.16 21.75 5.86 18.75 9.15 22.07 9.03 10.74 7.54 9.15 21.75 5.46 22.07 17.89 9.15 3.09 5.3 16.16 3.75 10.01 5.46 5.46 12.21 5.3 3.75 9.15 10.01 5.71 10.74 9.03 16.16 18.75 12.21 10.74 10.74 9.0 0.0 10.01 7.54 9.0 9.03 21.75 3.75 5.46 17.89 3.75 16.16 15.17 9.15 4.8 9.15 9.03 16.16 18.75 5.46 7.54 10.01 9.03 5.86 22.07 5.46 15.07 5.46 5.46 9.03 23.84 9.15 7.54 9.0 9.15 9.15 0.0 0.0 22.56 5.86 5.3 3.75 7.12 3.75 18.75 5.86 9.0 5.46 9.15 22.07 3.09 4.8 9.03 16.16 4.8 5.46 7.12 21.75 18.75 22.07 14.79 16.16 9.15 15.17 10.74 7.12 22.56 22.07 9.15 21.75 5.46 0.0 12.21 18.75 9.0 15.07 22.07 9.15 9.0 14.79 17.89 9.0 12.21 18.75 5.46 7.12 21.75 5.71 22.56 7.54 15.17 14.79 18.75 5.3
7.12 4.74 8.25 12.0 13.58 24.76 12.02 3.09 0.0 18.75 24.76 8.08 7.12 20.12 9.86 10.66 6.18 3.09 6.18 3.0 21.76 18.14 21.76 20.12 25.3 7.12 25.3 18.75 7.12 3.0 21.76 10.66 24.76 3.09 7.12 14.15 18.14 20.12 12.02 9.86 8.55 13.1 8.25 18.14 7.12 0.0 7.12 10.66 0.0 8.08 21.76 20.12 12.02 21.76 25.3 3.09 12.0 8.55 8.55 14.15 3.0 0.0 18.14 25.3 17.14 13.58 7.12 21.76 3.0 7.12 12.0 12.0 18.75 24.76 8.08 21.76 7.12 24.93 12.0 13.58 7.12 10.66 24.76 8.55 24.93 20.12 7.12 0.0 8.25 18.75 6.18 13.1 4.74 8.55 14.15 8.25 6.18 7.12 13.1 6.91 13.58 12.0 18.75 21.76 14.15 13.58 13.58 12.02 3.09 13.1 7.12 12.02 12.0 24.76 6.18 4.74 20.12 6.18 18.75 18.06 10.66 3.0 10.66 12.0 18.75 21.76 4.74 7.12 13.1 12.0 8.08 24.93 4.74 18.14 8.55 8.55 12.0 26.34 10.66 7.12 12.02 7.12 10.66 3.09 3.09 25.3 8.08 8.25 6.18 9.86 6.18 21.76 8.08 12.02 8.55 7.12 24.93 0.0 3.0 12.0 18.75 3.0 8.55 9.86 24.76 21.76 24.93 17.14 18.75 7.12 18.06 13.58 9.86 25.3 24.93 10.66 24.76 4.74 3.09 14.15 21.76 12.02 18.14 24.93 7.12 12.02 17.14 20.12 12.02 14.15 21.76 4.74 9.86 24.76 6.91 25.3 7.12 18.06 17.14 21.76 8.25
20.31 16.52 11.07 7.97 5.86 9.03 8.49 16.16 18.75 0.0 9.03 10.74 20.31 3.75 9.06 9.86 12.57 16.16 12.57 18.14 7.08 7.5 7.08 3.75 6.75 15.82 6.75 0.0 20.31 18.14 7.08 9.86 9.03 16.16 20.31 6.41 7.5 3.75 8.49 9.06 12.3 9.78 11.07 7.5 20.31 18.75 15.82 9.86 18.75 10.74 7.08 3.75 8.49 7.08 6.75 16.16 7.97 12.3 12.3 6.41 18.14 18.75 7.5 6.75 2.7 5.86 20.31 7.08 18.14 15.82 7.97 7.97 0.0 9.03 10.74 7.08 20.31 7.12 7.97 5.86 15.82 9.86 9.03 12.3 7.12 3.75 20.31 18.75 11.07 0.0 12.57 9.78 16.52 12.3 6.41 11.07 12.57 20.31 9.78 12.77 5.86 7.97 0.0 7.08 6.41 5.86 5.86 8.49 16.16 9.78 15.82 8.49 7.97 9.03 12.57 16.52 3.75 12.57 0.0 3.75 9.86 18.14 9.86 7.97 0.0 7.08 16.52 15.82 9.78 7.97 10.74 7.12 16.52 7.5 12.3 12.3 7.97 7.72 9.86 15.82 8.49 20.31 9.86 16.16 16.16 6.75 10.74 11.07 12.57 9.06 12.57 7.08 10.74 8.49 12.3 20.31 7.12 18.75 18.14 7.97 0.0 18.14 12.3 9.06 9.03 7.08 7.12 2.7 0.0 20.31 3.75 5.86 9.06 6.75 7.12 9.86 9.03 16.52 16.16 6.41 7.08 8.49 7.5 7.12 20.31 8.49 2.7 3.75 8.49 6.41 7.08 16.52 9.06 9.03 12.77 6.75 15.82 3.75 2.7 7.08 11.07
28.02 23.84 16.52 12.77 11.47 0.0 12.75 21.75 24.76 9.03 0.0 17.65 28.02 11.86 15.17 18.12 18.88 21.75 18.88 25.03 3.0 6.91 3.0 11.86 6.0 23.72 6.0 9.03 28.02 25.03 3.0 18.12 0.0 21.75 28.02 15.19 6.91 11.86 12.75 15.17 16.57 12.21 16.52 6.91 28.02 24.76 23.72 18.12 24.76 17.65 3.0 11.86 12.75 3.0 6.0 21.75 12.77 16.57 16.57 15.19 25.03 24.76 6.91 6.0 11.72 11.47 28.02 3.0 25.03 23.72 12.77 12.77 9.03 0.0 17.65 3.0 28.02 3.75 12.77 11.47 23.72 18.12 0.0 16.57 3.75 11.86 28.02 24.76 16.52 9.03 18.88 12.21 23.84 16.57 15.19 16.52 18.88 28.02 12.21 20.19 11.47 12.77 9.03 3.0 15.19 11.47 11.47 12.75 21.75 12.21 23.72 12.75 12.77 0.0 18.88 23.84 11.86 18.88 9.03 7.12 18.12 25.03 18.12 12.77 9.03 3.0 23.84 23.72 12.21 12.77 17.65 3.75 23.84 6.91 16.57 16.57 12.77 9.75 18.12 23.72 12.75 28.02 18.12 21.75 21.75 6.0 17.65 16.52 18.88 15.17 18.88 3.0 17.65 12.75 16.57 28.02 3.75 24.76 25.03 12.77 9.03 25.03 16.57 15.17 0.0 3.0 3.75 11.72 9.03 28.02 7.12 11.47 15.17 6.0 3.75 18.12 0.0 23.84 21.75 15.19 3.0 12.75 6.91 3.75 28.02 12.75 11.72 11.86 12.75 15.19 3.0 23.84 15.17 0.0 20.19 6.0 23.72 7.12 11.72 3.0 16.52
10.45 6.18 3.09 5.41 6.18 17.65 5.86 5.86 8.08 10.74 17.65 0.0 10.45 12.09 2.7 3.82 2.12 5.86 2.12 7.5 14.74 11.74 14.74 12.09 17.4 6.45 17.4 10.74 10.45 7.5 14.74 3.82 17.65 5.86 10.45 6.36 11.74 12.09 5.86 2.7 5.3 7.97 3.09 11.74 10.45 8.08 6.45 3.82 8.08 0.0 14.74 12.09 5.86 14.74 17.4 5.86 5.41 5.3 5.3 6.36 7.5 8.08 11.74 17.4 9.06 6.18 10.45 14.74 7.5 6.45 5.41 5.41 10.74 17.65 0.0 14.74 10.45 17.25 5.41 6.18 6.45 3.82 17.65 5.3 17.25 12.09 10.45 8.08 3.09 10.74 2.12 7.97 6.18 5.3 6.36 3.09 2.12 10.45 7.97 2.7 6.18 5.41 10.74 14.74 6.36 6.18 6.18 5.86 5.86 7.97 6.45 5.86 5.41 17.65 2.12 6.18 12.09 2.12 10.74 10.61 3.82 7.5 3.82 5.41 10.74 14.74 6.18 6.45 7.97 5.41 0.0 17.25 6.18 11.74 5.3 5.3 5.41 18.26 3.82 6.45 5.86 10.45 3.82 5.86 5.86 17.4 0.0 3.09 2.12 2.7 2.12 14.74 0.0 5.86 5.3 10.45 17.25 8.08 7.5 5.41 10.74 7.5 5.3 2.7 17.65 14.74 17.25 9.06 10.74 10.45 10.61 6.18 2.7 17.4 17.25 3.82 17.65 6.18 5.86 6.36 14.74 5.86 11.74 17.25 10.45 5.86 9.06 12.09 5.86 6.36 14.74 6.18 2.7 17.65 2.7 17.4 6.45 10.61 9.06 14.74 3.09
0.0 4.37 12.48 15.77 16.6 28.02 16.1 9.15 7.12 20.31 28.02 10.45 0.0 20.37 13.1 10.5 9.78 9.15 9.78 4.37 25.14 22.16 25.14 20.37 27.04 4.5 27.04 20.31 0.0 4.37 25.14 10.5 28.02 9.15 0.0 14.27 22.16 20.37 16.1 13.1 13.83 17.89 12.48 22.16 0.0 7.12 4.5 10.5 7.12 10.45 25.14 20.37 16.1 25.14 27.04 9.15 15.77 13.83 13.83 14.27 4.37 7.12 22.16 27.04 18.0 16.6 0.0 25.14 4.37 4.5 15.77 15.77 20.31 28.02 10.45 25.14 0.0 27.26 15.77 16.6 4.5 10.5 28.02 13.83 27.26 20.37 0.0 7.12 12.48 20.31 9.78 17.89 4.37 13.83 14.27 12.48 9.78 0.0 17.89 7.83 16.6 15.77 20.31 25.14 14.27 16.6 16.6 16.1 9.15 17.89 4.5 16.1 15.77 28.02 9.78 4.37 20.37 9.78 20.31 20.92 10.5 4.37 10.5 15.77 20.31 25.14 4.37 4.5 17.89 15.77 10.45 27.26 4.37 22.16 13.83 13.83 15.77 27.09 10.5 4.5 16.1 0.0 10.5 9.15 9.15 27.04 10.45 12.48 9.78 13.1 9.78 25.14 10.45 16.1 13.83 0.0 27.26 7.12 4.37 15.77 20.31 4.37 13.83 13.1 28.02 25.14 27.26 18.0 20.31 0.0 20.92 16.6 13.1 27.04 27.26 10.5 28.02 4.37 9.15 14.27 25.14 16.1 22.16 27.26 0.0 16.1 18.0 20.37 16.1 14.27 25.14 4.37 13.1 28.02 7.83 27.04 4.5 20.92 18.0 25.14 12.48
20.37 17.1 13.27 10.82 8.75 11.86 11.45 17.89 20.12 3.75 11.86 12.09 20.37 0.0 11.15 10.01 14.15 17.89 14.15 18.97 10.45 11.25 10.45 0.0 7.72 15.91 7.72 3.75 20.37 18.97 10.45 10.01 11.86 17.89 20.37 6.18 11.25 0.0 11.45 11.15 14.89 13.1 13.27 11.25 20.37 20.12 15.91 10.01 20.12 12.09 10.45 0.0 11.45 10.45 7.72 17.89 10.82 14.89 14.89 6.18 18.97 20.12 11.25 7.72 3.18 8.75 20.37 10.45 18.97 15.91 10.82 10.82 3.75 11.86 12.09 10.45 20.37 9.03 10.82 8.75 15.91 10.01 11.86 14.89 9.03 0.0 20.37 20.12 13.27 3.75 14.15 13.1 17.1 14.89 6.18 13.27 14.15 20.37 13.1 13.52 8.75 10.82 3.75 10.45 6.18 8.75 8.75 11.45 17.89 13.1 15.91 11.45 10.82 11.86 14.15 17.1 0.0 14.15 3.75 7.5 10.01 18.97 10.01 10.82 3.75 10.45 17.1 15.91 13.1 10.82 12.09 9.03 17.1 11.25 14.89 14.89 10.82 6.75 10.01 15.91 11.45 20.37 10.01 17.89 17.89 7.72 12.09 13.27 14.15 11.15 14.15 10.45 12.09 11.45 14.89 20.37 9.03 20.12 18.97 10.82 3.75 18.97 14.89 11.15 11.86 10.45 9.03 3.18 3.75 20.37 7.5 8.75 11.15 7.72 9.03 10.01 11.86 17.1 17.89 6.18 10.45 11.45 11.25 9.03 20.37 11.45 3.18 0.0 11.45 6.18 10.45 17.1 11.15 11.86 13.52 7.72 15.91 7.5 3.18 10.45 13.27
13.1 8.78 2.12 2.7 3.75 15.17 3.18 7.12 9.86 9.06 15.17 2.7 13.1 11.15 0.0 5.46 3.75 7.12 3.75 9.86 12.21 9.06 12.21 11.15 15.46 9.15 15.46 9.06 13.1 9.86 12.21 5.46 15.17 7.12 13.1 6.41 9.06 11.15 3.18 0.0 4.04 5.41 2.12 9.06 13.1 9.86 9.15 5.46 9.86 2.7 12.21 11.15 3.18 12.21 15.46 7.12 2.7 4.04 4.04 6.41 9.86 9.86 9.06 15.46 7.97 3.75 13.1 12.21 9.86 9.15 2.7 2.7 9.06 15.17 2.7 12.21 13.1 15.07 2.7 3.75 9.15 5.46 15.17 4.04 15.07 11.15 13.1 9.86 2.12 9.06 3.75 5.41 8.78 4.04 6.41 2.12 3.75 13.1 5.41 5.41 3.75 2.7 9.06 12.21 6.41 3.75 3.75 3.18 7.12 5.41 9.15 3.18 2.7 15.17 3.75 8.78 11.15 3.75 9.06 8.25 5.46 9.86 5.46 2.7 9.06 12.21 8.78 9.15 5.41 2.7 2.7 15.07 8.78 9.06 4.04 4.04 2.7 16.77 5.46 9.15 3.18 13.1 5.46 7.12 7.12 15.46 2.7 2.12 3.75 0.0 3.75 12.21 2.7 3.18 4.04 13.1 15.07 9.86 9.86 2.7 9.06 9.86 4.04 0.0 15.17 12.21 15.07 7.97 9.06 13.1 8.25 3.75 0.0 15.46 15.07 5.46 15.17 8.78 7.12 6.41 12.21 3.18 9.06 15.07 13.1 3.18 7.97 11.15 3.18 6.41 12.21 8.78 0.0 15.17 5.41 15.46 9.15 8.25 7.97 12.21 2.12
10.5 7.12 6.75 7.72 7.42 18.12 8.39 9.15 10.66 9.86 18.12 3.82 10.5 10.01 5.46 0.0 5.71 9.15 5.71 9.06 15.44 13.27 15.44 10.01 16.57 6.0 16.57 9.86 10.5 9.06 15.44 0.0 18.12 9.15 10.5 3.82 13.27 10.01 8.39 5.46 9.0 10.74 6.75 13.27 10.5 10.66 6.0 0.0 10.66 3.82 15.44 10.01 8.39 15.44 16.57 9.15 7.72 9.0 9.0 3.82 9.06 10.66 13.27 16.57 7.5 7.42 10.5 15.44 9.06 6.0 7.72 7.72 9.86 18.12 3.82 15.44 10.5 16.92 7.72 7.42 6.0 0.0 18.12 9.0 16.92 10.01 10.5 10.66 6.75 9.86 5.71 10.74 7.12 9.0 3.82 6.75 5.71 10.5 10.74 3.75 7.42 7.72 9.86 15.44 3.82 7.42 7.42 8.39 9.15 10.74 6.0 8.39 7.72 18.12 5.71 7.12 10.01 5.71 9.86 11.07 0.0 9.06 0.0 7.72 9.86 15.44 7.12 6.0 10.74 7.72 3.82 16.92 7.12 13.27 9.0 9.0 7.72 16.65 0.0 6.0 8.39 10.5 0.0 9.15 9.15 16.57 3.82 6.75 5.71 5.46 5.71 15.44 3.82 8.39 9.0 10.5 16.92 10.66 9.06 7.72 9.86 9.06 9.0 5.46 18.12 15.44 16.92 7.5 9.86 10.5 11.07 7.42 5.46 16.57 16.92 0.0 18.12 7.12 9.15 3.82 15.44 8.39 13.27 16.92 10.5 8.39 7.5 10.01 8.39 3.82 15.44 7.12 5.46 18.12 3.75 16.57 6.0 11.07 7.5 15.44 6.75
9.78 5.41 2.7 6.18 7.5 18.88 6.41 3.75 6.18 12.57 18.88 2.12 9.78 14.15 3.75 5.71 0.0 3.75 0.0 6.18 15.91 12.57 15.91 14.15 19.12 6.45 19.12 12.57 9.78 6.18 15.91 5.71 18.88 3.75 9.78 8.49 12.57 14.15 6.41 3.75 4.37 8.11 2.7 12.57 9.78 6.18 6.45 5.71 6.18 2.12 15.91 14.15 6.41 15.91 19.12 3.75 6.18 4.37 4.37 8.49 6.18 6.18 12.57 19.12 11.07 7.5 9.78 15.91 6.18 6.45 6.18 6.18 12.57 18.88 2.12 15.91 9.78 18.81 6.18 7.5 6.45 5.71 18.88 4.37 18.81 14.15 9.78 6.18 2.7 12.57 0.0 8.11 5.41 4.37 8.49 2.7 0.0 9.78 8.11 3.09 7.5 6.18 12.57 15.91 8.49 7.5 7.5 6.41 3.75 8.11 6.45 6.41 6.18 18.88 0.0 5.41 14.15 0.0 12.57 12.0 5.71 6.18 5.71 6.18 12.57 15.91 5.41 6.45 8.11 6.18 2.12 18.81 5.41 12.57 4.37 4.37 6.18 20.19 5.71 6.45 6.41 9.78 5.71 3.75 3.75 19.12 2.12 2.7 0.0 3.75 0.0 15.91 2.12 6.41 4.37 9.78 18.81 6.18 6.18 6.18 12.57 6.18 4.37 3.75 18.88 15.91 18.81 11.07 12.57 9.78 12.0 7.5 3.75 19.12 18.81 5.71 18.88 5.41 3.75 8.49 15.91 6.41 12.57 18.81 9.78 6.41 11.07 14.15 6.41 8.49 15.91 5.41 3.75 18.88 3.09 19.12 6.45 12.0 11.07 15.91 2.7
9.15 5.46 5.3 9.03 10.74 21.75 9.0 0.0 3.09 16.16 21.75 5.86 9.15 17.89 7.12 9.15 3.75 0.0 3.75 4.8 18.75 15.07 18.75 17.89 22.56 7.54 22.56 16.16 9.15 4.8 18.75 9.15 21.75 0.0 9.15 12.21 15.07 17.89 9.0 7.12 5.46 10.01 5.3 15.07 9.15 3.09 7.54 9.15 3.09 5.86 18.75 17.89 9.0 18.75 22.56 0.0 9.03 5.46 5.46 12.21 4.8 3.09 15.07 22.56 14.79 10.74 9.15 18.75 4.8 7.54 9.03 9.03 16.16 21.75 5.86 18.75 9.15 22.07 9.03 10.74 7.54 9.15 21.75 5.46 22.07 17.89 9.15 3.09 5.3 16.16 3.75 10.01 5.46 5.46 12.21 5.3 3.75 9.15 10.01 5.71 10.74 9.03 16.16 18.75 12.21 10.74 10.74 9.0 0.0 10.01 7.54 9.0 9.03 21.75 3.75 5.46 17.89 3.75 16.16 15.17 9.15 4.8 9.15 9.03 16.16 18.75 5.46 7.54 10.01 9.03 5.86 22.07 5.46 15.07 5.46 5.46 9.03 23.84 9.15 7.54 9.0 9.15 9.15 0.0 0.0 22.56 5.86 5.3 3.75 7.12 3.75 18.75 5.86 9.0 5.46 9.15 22.07 3.09 4.8 9.03 16.16 4.8 5.46 7.12 21.75 18.75 22.07 14.79 16.16 9.15 15.17 10.74 7.12 22.56 22.07 9.15 21.75 5.46 0.0 12.21 18.75 9.0 15.07 22.07 9.15 9.0 14.79 17.89 9.0 12.21 18.75 5.46 7.12 21.75 5.71 22.56 7.54 15.17 14.79 18.75 5.3
9.78 5.41 2.7 6.18 7.5 18.88 6.41 3.75 6.18 12.57 18.88 2.12 9.78 14.15 3.75 5.71 0.0 3.75 0.0 6.18 15.91 12.57 15.91 14.15 19.12 6.45 19.12 12.57 9.78 6.18 15.91 5.71 18.88 3.75 9.78 8.49 12.57 14.15 6.41 3.75 4.37 8.11 2.7 12.57 9.78 6.18 6.45 5.71 6.18 2.12 15.91 14.15 6.41 15.91 19.12 3.75 6.18 4.37 4.37 8.49 6.18 6.18 12.57 19.12 11.07 7.5 9.78 15.91 6.18 6.45 6.18 6.18 12.57 18.88 2.12 15.91 9.78 18.81 6.18 7.5 6.45 5.71 18.88 4.37 18.81 14.15 9.78 6.18 2.7 12.57 0.0 8.11 5.41 4.37 8.49 2.7 0.0 9.78 8.11 3.09 7.5 6.18 12.57 15.91 8.49 7.5 7.5 6.41 3.75 8.11 6.45 6.41 6.18 18.88 0.0 5.41 14.15 0.0 12.57 12.0 5.71 6.18 5.71 6.18 12.57 15.91 5.41 6.45 8.11 6.18 2.12 18.81 5.41 12.57 4.37 4.37 6.18 20.19 5.71 6.45 6.41 9.78 5.71 3.75 3.75 19.12 2.12 2.7 0.0 3.75 0.0 15.91 2.12 6.41 4.37 9.78 18.81 6.18 6.18 6.18 12.57 6.18 4.37 3.75 18.88 15.91 18.81 11.07 12.57 9.78 12.0 7.5 3.75 19.12 18.81 5.71 18.88 5.41 3.75 8.49 15.91 6.41 12.57 18.81 9.78 6.41 11.07 14.15 6.41 8.49 15.91 5.41 3.75 18.88 3.09 19.12 6.45 12.0 11.07 15.91 2.7
4.37 2.12 8.78 12.37 13.58 25.03 12.57 4.8 3.0 18.14 25.03 7.5 4.37 18.97 9.86 9.06 6.18 4.8 6.18 0.0 22.07 18.75 22.07 18.97 24.85 4.37 24.85 18.14 4.37 0.0 22.07 9.06 25.03 4.8 4.37 12.82 18.75 18.97 12.57 9.86 9.78 14.09 8.78 18.75 4.37 3.0 4.37 9.06 3.0 7.5 22.07 18.97 12.57 22.07 24.85 4.8 12.37 9.78 9.78 12.82 0.0 3.0 18.75 24.85 16.19 13.58 4.37 22.07 0.0 4.37 12.37 12.37 18.14 25.03 7.5 22.07 4.37 24.75 12.37 13.58 4.37 9.06 25.03 9.78 24.75 18.97 4.37 3.0 8.78 18.14 6.18 14.09 2.12 9.78 12.82 8.78 6.18 4.37 14.09 5.46 13.58 12.37 18.14 22.07 12.82 13.58 13.58 12.57 4.8 14.09 4.37 12.57 12.37 25.03 6.18 2.12 18.97 6.18 18.14 18.06 9.06 0.0 9.06 12.37 18.14 22.07 2.12 4.37 14.09 12.37 7.5 24.75 2.12 18.75 9.78 9.78 12.37 25.47 9.06 4.37 12.57 4.37 9.06 4.8 4.8 24.85 7.5 8.78 6.18 9.86 6.18 22.07 7.5 12.57 9.78 4.37 24.75 3.0 0.0 12.37 18.14 0.0 9.78 9.86 25.03 22.07 24.75 16.19 18.14 4.37 18.06 13.58 9.86 24.85 24.75 9.06 25.03 2.12 4.8 12.82 22.07 12.57 18.75 24.75 4.37 12.57 16.19 18.97 12.57 12.82 22.07 2.12 9.86 25.03 5.46 24.85 4.37 18.06 16.19 22.07 8.78
25.14 20.92 13.52 9.78 8.55 3.0 9.75 18.75 21.76 7.08 3.0 14.74 25.14 10.45 12.21 15.44 15.91 18.75 15.91 22.07 0.0 4.04 0.0 10.45 6.71 20.89 6.71 7.08 25.14 22.07 0.0 15.44 3.0 18.75 25.14 12.77 4.04 10.45 9.75 12.21 13.58 9.28 13.52 4.04 25.14 21.76 20.89 15.44 21.76 14.74 0.0 10.45 9.75 0.0 6.71 18.75 9.78 13.58 13.58 12.77 22.07 21.76 4.04 6.71 9.6 8.55 25.14 0.0 22.07 20.89 9.78 9.78 7.08 3.0 14.74 0.0 25.14 4.8 9.78 8.55 20.89 15.44 3.0 13.58 4.8 10.45 25.14 21.76 13.52 7.08 15.91 9.28 20.92 13.58 12.77 13.52 15.91 25.14 9.28 17.32 8.55 9.78 7.08 0.0 12.77 8.55 8.55 9.75 18.75 9.28 20.89 9.75 9.78 3.0 15.91 20.92 10.45 15.91 7.08 4.37 15.44 22.07 15.44 9.78 7.08 0.0 20.92 20.89 9.28 9.78 14.74 4.8 20.92 4.04 13.58 13.58 9.78 10.2 15.44 20.89 9.75 25.14 15.44 18.75 18.75 6.71 14.74 13.52 15.91 12.21 15.91 0.0 14.74 9.75 13.58 25.14 4.8 21.76 22.07 9.78 7.08 22.07 13.58 12.21 3.0 0.0 4.8 9.6 7.08 25.14 4.37 8.55 12.21 6.71 4.8 15.44 3.0 20.92 18.75 12.77 0.0 9.75 4.04 4.8 25.14 9.75 9.6 10.45 9.75 12.77 0.0 20.92 12.21 3.0 17.32 6.71 20.89 4.37 9.6 0.0 13.52
22.16 17.83 10.01 6.41 5.86 6.91 6.18 15.07 18.14 7.5 6.91 11.74 22.16 11.25 9.06 13.27 12.57 15.07 12.57 18.75 4.04 0.0 4.04 11.25 10.09 18.14 10.09 7.5 22.16 18.75 4.04 13.27 6.91 15.07 22.16 11.45 0.0 11.25 6.18 9.06 9.75 5.3 10.01 0.0 22.16 18.14 18.14 13.27 18.14 11.74 4.04 11.25 6.18 4.04 10.09 15.07 6.41 9.75 9.75 11.45 18.75 18.14 0.0 10.09 9.28 5.86 22.16 4.04 18.75 18.14 6.41 6.41 7.5 6.91 11.74 4.04 22.16 8.55 6.41 5.86 18.14 13.27 6.91 9.75 8.55 11.25 22.16 18.14 10.01 7.5 12.57 5.3 17.83 9.75 11.45 10.01 12.57 22.16 5.3 14.43 5.86 6.41 7.5 4.04 11.45 5.86 5.86 6.18 15.07 5.3 18.14 6.18 6.41 6.91 12.57 17.83 11.25 12.57 7.5 3.75 13.27 18.75 13.27 6.41 7.5 4.04 17.83 18.14 5.3 6.41 11.74 8.55 17.83 0.0 9.75 9.75 6.41 13.12 13.27 18.14 6.18 22.16 13.27 15.07 15.07 10.09 11.74 10.01 12.57 9.06 12.57 4.04 11.74 6.18 9.75 22.16 8.55 18.14 18.75 6.41 7.5 18.75 9.75 9.06 6.91 4.04 8.55 9.28 7.5 22.16 3.75 5.86 9.06 10.09 8.55 13.27 6.91 17.83 15.07 11.45 4.04 6.18 0.0 8.55 22.16 6.18 9.28 11.25 6.18 11.45 4.04 17.83 9.06 6.91 14.43 10.09 18.14 3.75 9.28 4.04 10.01
25.14 20.92 13.52 9.78 8.55 3.0 9.75 18.75 21.76 7.08 3.0 14.74 25.14 10.45 12.21 15.44 15.91 18.75 15.91 22.07 0.0 4.04 0.0 10.45 6.71 20.89 6.71 7.08 25.14 22.07 0.0 15.44 3.0 18.75 25.14 12.77 4.04 10.45 9.75 12.21 13.58 9.28 13.52 4.04 25.14 21.76 20.89 15.44 21.76 14.74 0.0 10.45 9.75 0.0 6.71 18.75 9.78 13.58 13.58 12.77 22.07 21.76 4.04 6.71 9.6 8.55 25.14 0.0 22.07 20.89 9.78 9.78 7.08 3.0 14.74 0.0 25.14 4.8 9.78 8.55 20.89 15.44 3.0 13.58 4.8 10.45 25.14 21.76 13.52 7.08 15.91 9.28 20.92 13.58 12.77 13.52 15.91 25.14 9.28 17.32 8.55 9.78 7.08 0.0 12.77 8.55 8.55 9.75 18.75 9.28 20.89 9.75 9.78 3.0 15.91 20.92 10.45 15.91 7.08 4.37 15.44 22.07 15.44 9.78 7.08 0.0 20.92 20.89 9.28 9.78 14.74 4.8 20.92 4.04 13.58 13.58 9.78 10.2 15.44 20.89 9.75 25.14 15.44 18.75 18.75 6.71 14.74 13.52 15.91 12.21 15.91 0.0 14.74 9.75 13.58 25.14 4.8 21.76 22.07 9.78 7.08 22.07 13.58 12.21 3.0 0.0 4.8 9.6 7.08 25.14 4.37 8.55 12.21 6.71 4.8 15.44 3.0 20.92 18.75 12.77 0.0 9.75 4.04 4.8 25.14 9.75 9.6 10.45 9.75 12.77 0.0 20.92 12.21 3.0 17.32 6.71 20.89 4.37 9.6 0.0 13.52
20.37 17.1 13.27 10.82 8.75 11.86 11.45 17.89 20.12 3.75 11.86 12.09 20.37 0.0 11.15 10.01 14.15 17.89 14.15 18.97 10.45 11.25 10.45 0.0 7.72 15.91 7.72 3.75 20.37 18.97 10.45 10.01 11.86 17.89 20.37 6.18 11.25 0.0 11.45 11.15 14.89 13.1 13.27 11.25 20.37 20.12 15.91 10.01 20.12 12.09 10.45 0.0 11.45 10.45 7.72 17.89 10.82 14.89 14.89 6.18 18.97 20.12 11.25 7.72 3.18 8.75 20.37 10.45 18.97 15.91 10.82 10.82 3.75 11.86 12.09 10.45 20.37 9.03 10.82 8.75 15.91 10.01 11.86 14.89 9.03 0.0 20.37 20.12 13.27 3.75 14.15 13.1 17.1 14.89 6.18 13.27 14.15 20.37 13.1 13.52 8.75 10.82 3.75 10.45 6.18 8.75 8.75 11.45 17.89 13.1 15.91 11.45 10.82 11.86 14.15 17.1 0.0 14.15 3.75 7.5 10.01 18.97 10.01 10.82 3.75 10.45 17.1 15.91 13.1 10.82 12.09 9.03 17.1 11.25 14.89 14.89 10.82 6.75 10.01 15.91 11.45 20.37 10.01 17.89 17.89 7.72 12.09 13.27 14.15 11.15 14.15 10.45 12.09 11.45 14.89 20.37 9.03 20.12 18.97 10.82 3.75 18.97 14.89 11.15 11.86 10.45 9.03 3.18 3.75 20.37 7.5 8.75 11.15 7.72 9.03 10.01 11.86 17.1 17.89 6.18 10.45 11.45 11.25 9.03 20.37 11.45 3.18 0.0 11.45 6.18 10.45 17.1 11.15 11.86 13.52 7.72 15.91 7.5 3.18 10.45 13.27
27.04 23.26 17.32 13.79 11.86 6.0 14.09 22.56 25.3 6.75 6.0 17.4 27.04 7.72 15.46 16.57 19.12 22.56 19.12 24.85 6.71 10.09 6.71 7.72 0.0 22.55 0.0 6.75 27.04 24.85 6.71 16.57 6.0 22.56 27.04 12.95 10.09 7.72 14.09 15.46 18.12 14.56 17.32 10.09 27.04 25.3 22.55 16.57 25.3 17.4 6.71 7.72 14.09 6.71 0.0 22.56 13.79 18.12 18.12 12.95 24.85 25.3 10.09 0.0 9.12 11.86 27.04 6.71 24.85 22.55 13.79 13.79 6.75 6.0 17.4 6.71 27.04 2.25 13.79 11.86 22.55 16.57 6.0 18.12 2.25 7.72 27.04 25.3 17.32 6.75 19.12 14.56 23.26 18.12 12.95 17.32 19.12 27.04 14.56 19.51 11.86 13.79 6.75 6.71 12.95 11.86 11.86 14.09 22.56 14.56 22.55 14.09 13.79 6.0 19.12 23.26 7.72 19.12 6.75 7.72 16.57 24.85 16.57 13.79 6.75 6.71 23.26 22.55 14.56 13.79 17.4 2.25 23.26 10.09 18.12 18.12 13.79 3.75 16.57 22.55 14.09 27.04 16.57 22.56 22.56 0.0 17.4 17.32 19.12 15.46 19.12 6.71 17.4 14.09 18.12 27.04 2.25 25.3 24.85 13.79 6.75 24.85 18.12 15.46 6.0 6.71 2.25 9.12 6.75 27.04 7.72 11.86 15.46 0.0 2.25 16.57 6.0 23.26 22.56 12.95 6.71 14.09 10.09 2.25 27.04 14.09 9.12 7.72 14.09 12.95 6.71 23.26 15.46 6.0 19.51 0.0 22.55 7.72 9.12 6.71 17.32
4.5 2.37 9.03 11.86 12.41 23.72 12.3 7.54 7.12 15.82 23.72 6.45 4.5 15.91 9.15 6.0 6.45 7.54 6.45 4.37 20.89 18.14 20.89 15.91 22.55 0.0 22.55 15.82 4.5 4.37 20.89 6.0 23.72 7.54 4.5 9.78 18.14 15.91 12.3 9.15 10.82 14.33 9.03 18.14 4.5 7.12 0.0 6.0 7.12 6.45 20.89 15.91 12.3 20.89 22.55 7.54 11.86 10.82 10.82 9.78 4.37 7.12 18.14 22.55 13.5 12.41 4.5 20.89 4.37 0.0 11.86 11.86 15.82 23.72 6.45 20.89 4.5 22.81 11.86 12.41 0.0 6.0 23.72 10.82 22.81 15.91 4.5 7.12 9.03 15.82 6.45 14.33 2.37 10.82 9.78 9.03 6.45 4.5 14.33 3.75 12.41 11.86 15.82 20.89 9.78 12.41 12.41 12.3 7.54 14.33 0.0 12.3 11.86 23.72 6.45 2.37 15.91 6.45 15.82 16.6 6.0 4.37 6.0 11.86 15.82 20.89 2.37 0.0 14.33 11.86 6.45 22.81 2.37 18.14 10.82 10.82 11.86 22.61 6.0 0.0 12.3 4.5 6.0 7.54 7.54 22.55 6.45 9.03 6.45 9.15 6.45 20.89 6.45 12.3 10.82 4.5 22.81 7.12 4.37 11.86 15.82 4.37 10.82 9.15 23.72 20.89 22.81 13.5 15.82 4.5 16.6 12.41 9.15 22.55 22.81 6.0 23.72 2.37 7.54 9.78 20.89 12.3 18.14 22.81 4.5 12.3 13.5 15.91 12.3 9.78 20.89 2.37 9.15 23.72 3.75 22.55 0.0 16.6 13.5 20.89 9.03
27.04 23.26 17.32 13.79 11.86 6.0 14.09 22.56 25.3 6.75 6.0 17.4 27.04 7.72 15.46 16.57 19.12 22.56 19.12 24.85 6.71 10.09 6.71 7.72 0.0 22.55 0.0 6.75 27.04 24.85 6.71 16.57 6.0 22.56 27.04 12.95 10.09 7.72 14.09 15.46 18.12 14.56 17.32 10.09 27.04 25.3 22.55 16.57 25.3 17.4 6.71 7.72 14.09 6.71 0.0 22.56 13.79 18.12 18.12 12.95 24.85 25.3 10.09 0.0 9.12 11.86 27.04 6.71 24.85 22.55 13.79 13.79 6.75 6.0 17.4 6.71 27.04 2.25 13.79 11.86 22.55 16.57 6.0 18.12 2.25 7.72 27.04 25.3 17.32 6.75 19.12 14.56 23.26 18.12 12.95 17.32 19.12 27.04 14.56 19.51 11.86 13.79 6.75 6.71 12.95 11.86 11.86 14.09 22.56 14.56 22.55 14.09 13.79 6.0 19.12 23.26 7.72 19.12 6.75 7.72 16.57 24.85 16.57 13.79 6.75 6.71 23.26 22.55 14.56 13.79 17.4 2.25 23.26 10.09 18.12 18.12 13.79 3.75 16.57 22.55 14.09 27.04 16.57 22.56 22.56 0.0 17.4 17.32 19.12 15.46 19.12 6.71 17.4 14.09 18.12 27.04 2.25 25.3 24.85 13.79 6.75 24.85 18.12 15.46 6.0 6.71 2.25 9.12 6.75 27.04 7.72 11.86 15.46 0.0 2.25 16.57 6.0 23.26 22.56 12.95 6.71 14.09 10.09 2.25 27.04 14.09 9.12 7.72 14.09 12.95 6.71 23.26 15.46 6.0 19.51 0.0 22.55 7.72 9.12 6.71 17.32
20.31 16.52 11.07 7.97 5.86 9.03 8.49 16.16 18.75 0.0 9.03 10.74 20.31 3.75 9.06 9.86 12.57 16.16 12.57 18.14 7.08 7.5 7.08 3.75 6.75 15.82 6.75 0.0 20.31 18.14 7.08 9.86 9.03 16.16 20.31 6.41 7.5 3.75 8.49 9.06 12.3 9.78 11.07 7.5 20.31 18.75 15.82 9.86 18.75 10.74 7.08 3.75 8.49 7.08 6.75 16.16 7.97 12.3 12.3 6.41 18.14 18.75 7.5 6.75 2.7 5.86 20.31 7.08 18.14 15.82 7.97 7.97 0.0 9.03 10.74 7.08 20.31 7.12 7.97 5.86 15.82 9.86 9.03 12.3 7.12 3.75 20.31 18.75 11.07 0.0 12.57 9.78 16.52 12.3 6.41 11.07 12.57 20.31 9.78 12.77 5.86 7.97 0.0 7.08 6.41 5.86 5.86 8.49 16.16 9.78 15.82 8.49 7.97 9.03 12.57 16.52 3.75 12.57 0.0 3.75 9.86 18.14 9.86 7.97 0.0 7.08 16.52 15.82 9.78 7.97 10.74 7.12 16.52 7.5 12.3 12.3 7.97 7.72 9.86 15.82 8.49 20.31 9.86 16.16 16.16 6.75 10.74 11.07 12.57 9.06 12.57 7.08 10.74 8.49 12.3 20.31 7.12 18.75 18.14 7.97 0.0 18.14 12.3 9.06 9.03 7.08 7.12 2.7 0.0 20.31 3.75 5.86 9.06 6.75 7.12 9.86 9.03 16.52 16.16 6.41 7.08 8.49 7.5 7.12 20.31 8.49 2.7 3.75 8.49 6.41 7.08 16.52 9.06 9.03 12.77 6.75 15.82 3.75 2.7 7.08 11.07
0.0 4.37 12.48 15.77 16.6 28.02 16.1 9.15 7.12 20.31 28.02 10.45 0.0 20.37 13.1 10.5 9.78 9.15 9.78 4.37 25.14 22.16 25.14 20.37 27.04 4.5 27.04 20.31 0.0 4.37 25.14 10.5 28.02 9.15 0.0 14.27 22.16 20.37 16.1 13.1 13.83 17.89 12.48 22.16 0.0 7.12 4.5 10.5 7.12 10.45 25.14 20.37 16.1 25.14 27.04 9.15 15.77 13.83 13.83 14.27 4.37 7.12 22.16 27.04 18.0 16.6 0.0 25.14 4.37 4.5 15.77 15.77 20.31 28.02 10.45 25.14 0.0 27.26 15.77 16.6 4.5 10.5 28.02 13.83 27.26 20.37 0.0 7.12 12.48 20.31 9.78 17.89 4.37 13.83 14.27 12.48 9.78 0.0 17.89 7.83 16.6 15.77 20.31 25.14 14.27 16.6 16.6 16.1 9.15 17.89 4.5 16.1 15.77 28.02 9.78 4.37 20.37 9.78 20.31 20.92 10.5 4.37 10.5 15.77 20.31 25.14 4.37 4.5 17.89 15.77 10.45 27.26 4.37 22.16 13.83 13.83 15.77 27.09 10.5 4.5 16.1 0.0 10.5 9.15 9.15 27.04 10.45 12.48 9.78 13.1 9.78 25.14 10.45 16.1 13.83 0.0 27.26 7.12 4.37 15.77 20.31 4.37 13.83 13.1 28.02 25.14 27.26 18.0 20.31 0.0 20.92 16.6 13.1 27.04 27.26 10.5 28.02 4.37 9.15 14.27 25.14 16.1 22.16 27.26 0.0 16.1 18.0 20.37 16.1 14.27 25.14 4.37 13.1 28.02 7.83 27.04 4.5 20.92 18.0 25.14 12.48
4.37 2.12 8.78 12.37 13.58 25.03 12.57 4.8 3.0 18.14 25.03 7.5 4.37 18.97 9.86 9.06 6.18 4.8 6.18 0.0 22.07 18.75 22.07 18.97 24.85 4.37 24.85 18.14 4.37 0.0 22.07 9.06 25.03 4.8 4.37 12.82 18.75 18.97 12.57 9.86 9.78 14.09 8.78 18.75 4.37 3.0 4.37 9.06 3.0 7.5 22.07 18.97 12.57 22.07 24.85 4.8 12.37 9.78 9.78 12.82 0.0 3.0 18.75 24.85 16.19 13.58 4.37 22.07 0.0 4.37 12.37 12.37 18.14 25.03 7.5 22.07 4.37 24.75 12.37 13.58 4.37 9.06 25.03 9.78 24.75 18.97 4.37 3.0 8.78 18.14 6.18 14.09 2.12 9.78 12.82 8.78 6.18 4.37 14.09 5.46 13.58 12.37 18.14 22.07 12.82 13.58 13.58 12.57 4.8 14.09 4.37 12.57 12.37 25.03 6.18 2.12 18.97 6.18 18.14 18.06 9.06 0.0 9.06 12.37 18.14 22.07 2.12 4.37 14.09 12.37 7.5 24.75 2.12 18.75 9.78 9.78 12.37 25.47 9.06 4.37 12.57 4.37 9.06 4.8 4.8 24.85 7.5 8.78 6.18 9.86 6.18 22.07 7.5 12.57 9.78 4.37 24.75 3.0 0.0 12.37 18.14 0.0 9.78 9.86 25.03 22.07 24.75 16.19 18.14 4.37 18.06 13.58 9.86 24.85 24.75 9.06 25.03 2.12 4.8 12.82 22.07 12.57 18.75 24.75 4.37 12.57 16.19 18.97 12.57 12.82 22.07 2.12 9.86 25.03 5.46 24.85 4.37 18.06 16.19 22.07 8.78
25.14 20.92 13.52 9.78 8.55 3.0 9.75 18.75 21.76 7.08 3.0 14.74 25.14 10.45 12.21 15.44 15.91 18.75 15.91 22.07 0.0 4.04 0.0 10.45 6.71 20.89 6.71 7.08 25.14 22.07 0.0 15.44 3.0 18.75 25.14 12.77 4.04 10.45 9.75 12.21 13.58 9.28 13.52 4.04 25.14 21.76 20.89 15.44 21.76 14.74 0.0 10.45 9.75 0.0 6.71 18.75 9.78 13.58 13.58 12.77 22.07 21.76 4.04 6.71 9.6 8.55 25.14 0.0 22.07 20.89 9.78 9.78 7.08 3.0 14.74 0.0 25.14 4.8 9.78 8.55 20.89 15.44 3.0 13.58 4.8 10.45 25.14 21.76 13.52 7.08 15.91 9.28 20.92 13.58 12.77 13.52 15.91 25.14 9.28 17.32 8.55 9.78 7.08 0.0 12.77 8.55 8.55 9.75 18.75 9.28 20.89 9.75 9.78 3.0 15.91 20.92 10.45 15.91 7.08 4.37 15.44 22.07 15.44 9.78 7.08 0.0 20.92 20.89 9.28 9.78 14.74 4.8 20.92 4.04 13.58 13.58 9.78 10.2 15.44 20.89 9.75 25.14 15.44 18.75 18.75 6.71 14.74 13.52 15.91 12.21 15.91 0.0 14.74 9.75 13.58 25.14 4.8 21.76 22.07 9.78 7.08 22.07 13.58 12.21 3.0 0.0 4.8 9.6 7.08 25.14 4.37 8.55 12.21 6.71 4.8 15.44 3.0 20.92 18.75 12.77 0.0 9.75 4.04 4.8 25.14 9.75 9.6 10.45 9.75 12.77 0.0 20.92 12.21 3.0 17.32 6.71 20.89 4.37 9.6 0.0 13.52
10.5 7.12 6.75 7.72 7.42 18.12 8.39 9.15 10.66 9.86 18.12 3.82 10.5 10.01 5.46 0.0 5.71 9.15 5.71 9.06 15.44 13.27 15.44 10.01 16.57 6.0 16.57 9.86 10.5 9.06 15.44 0.0 18.12 9.15 10.5 3.82 13.27 10.01 8.39 5.46 9.0 10.74 6.75 13.27 10.5 10.66 6.0 0.0 10.66 3.82 15.44 10.01 8.39 15.44 16.57 9.15 7.72 9.0 9.0 3.82 9.06 10.66 13.27 16.57 7.5 7.42 10.5 15.44 9.06 6.0 7.72 7.72 9.86 18.12 3.82 15.44 10.5 16.92 7.72 7.42 6.0 0.0 18.12 9.0 16.92 10.01 10.5 10.66 6.75 9.86 5.71 10.74 7.12 9.0 3.82 6.75 5.71 10.5 10.74 3.75 7.42 7.72 9.86 15.44 3.82 7.42 7.42 8.39 9.15 10.74 6.0 8.39 7.72 18.12 5.71 7.12 10.01 5.71 9.86 11.07 0.0 9.06 0.0 7.72 9.86 15.44 7.12 6.0 10.74 7.72 3.82 16.92 7.12 13.27 9.0 9.0 7.72 16.65 0.0 6.0 8.39 10.5 0.0 9.15 9.15 16.57 3.82 6.75 5.71 5.46 5.71 15.44 3.82 8.39 9.0 10.5 16.92 10.66 9.06 7.72 9.86 9.06 9.0 5.46 18.12 15.44 16.92 7.5 9.86 10.5 11.07 7.42 5.46 16.57 16.92 0.0 18.12 7.12 9.15 3.82 15.44 8.39 13.27 16.92 10.5 8.39 7.5 10.01 8.39 3.82 15.44 7.12 5.46 18.12 3.75 16.57 6.0 11.07 7.5 15.44 6.75
28.02 23.84 16.52 12.77 11.47 0.0 12.75 21.75 24.76 9.03 0.0 17.65 28.02 11.86 15.17 18.12 18.88 21.75 18.88 25.03 3.0 6.91 3.0 11.86 6.0 23.72 6.0 9.03 28.02 25.03 3.0 18.12 0.0 21.75 28.02 15.19 6.91 11.86 12.75 15.17 16.57 12.21 16.52 6.91 28.02 24.76 23.72 18.12 24.76 17.65 3.0 11.86 12.75 3.0 6.0 21.75 12.77 16.57 16.57 15.19 25.03 24.76 6.91 6.0 11.72 11.47 28.02 3.0 25.03 23.72 12.77 12.77 9.03 0.0 17.65 3.0 28.02 3.75 12.77 11.47 23.72 18.12 0.0 16.57 3.75 11.86 28.02 24.76 16.52 9.03 18.88 12.21 23.84 16.57 15.19 16.52 18.88 28.02 12.21 20.19 11.47 12.77 9.03 3.0 15.19 11.47 11.47 12.75 21.75 12.21 23.72 12.75 12.77 0.0 18.88 23.84 11.86 18.88 9.03 7.12 18.12 25.03 18.12 12.77 9.03 3.0 23.84 23.72 12.21 12.77 17.65 3.75 23.84 6.91 16.57 16.57 12.77 9.75 18.12 23.72 12.75 28.02 18.12 21.75 21.75 6.0 17.65 16.52 18.88 15.17 18.88 3.0 17.65 12.75 16.57 28.02 3.75 24.76 25.03 12.77 9.03 25.03 16.57 15.17 0.0 3.0 3.75 11.72 9.03 28.02 7.12 11.47 15.17 6.0 3.75 18.12 0.0 23.84 21.75 15.19 3.0 12.75 6.91 3.75 28.02 12.75 11.72 11.86 12.75 15.19 3.0 23.84 15.17 0.0 20.19 6.0 23.72 7.12 11.72 3.0 16.52
9.15 5.46 5.3 9.03 10.74 21.75 9.0 0.0 3.09 16.16 21.75 5.86 9.15 17.89 7.12 9.15 3.75 0.0 3.75 4.8 18.75 15.07 18.75 17.89 22.56 7.54 22.56 16.16 9.15 4.8 18.75 9.15 21.75 0.0 9.15 12.21 15.07 17.89 9.0 7.12 5.46 10.01 5.3 15.07 9.15 3.09 7.54 9.15 3.09 5.86 18.75 17.89 9.0 18.75 22.56 0.0 9.03 5.46 5.46 12.21 4.8 3.09 15.07 22.56 14.79 10.74 9.15 18.75 4.8 7.54 9.03 9.03 16.16 21.75 5.86 18.75 9.15 22.07 9.03 10.74 7.54 9.15 21.75 5.46 22.07 17.89 9.15 3.09 5.3 16.16 3.75 10.01 5.46 5.46 12.21 5.3 3.75 9.15 10.01 5.71 10.74 9.03 16.16 18.75 12.21 10.74 10.74 9.0 0.0 10.01 7.54 9.0 9.03 21.75 3.75 5.46 17.89 3.75 16.16 15.17 9.15 4.8 9.15 9.03 16.16 18.75 5.46 7.54 10.01 9.03 5.86 22.07 5.46 15.07 5.46 5.46 9.03 23.84 9.15 7.54 9.0 9.15 9.15 0.0 0.0 22.56 5.86 5.3 3.75 7.12 3.75 18.75 5.86 9.0 5.46 9.15 22.07 3.09 4.8 9.03 16.16 4.8 5.46 7.12 21.75 18.75 22.07 14.79 16.16 9.15 15.17 10.74 7.12 22.56 22.07 9.15 21.75 5.46 0.0 12.21 18.75 9.0 15.07 22.07 9.15 9.0 14.79 17.89 9.0 12.21 18.75 5.46 7.12 21.75 5.71 22.56 7.54 15.17 14.79 18.75 5.3
0.0 4.37 12.48 15.77 16.6 28.02 16.1 9.15 7.12 20.31 28.02 10.45 0.0 20.37 13.1 10.5 9.78 9.15 9.78 4.37 25.14 22.16 25.14 20.37 27.04 4.5 27.04 20.31 0.0 4.37 25.14 10.5 28.02 9.15 0.0 14.27 22.16 20.37 16.1 13.1 13.83 17.89 12.48 22.16 0.0 7.12 4.5 10.5 7.12 10.45 25.14 20.37 16.1 25.14 27.04 9.15 15.77 13.83 13.83 14.27 4.37 7.12 22.16 27.04 18.0 16.6 0.0 25.14 4.37 4.5 15.77 15.77 20.31 28.02 10.45 25.14 0.0 27.26 15.77 16.6 4.5 10.5 28.02 13.83 27.26 20.37 0.0 7.12 12.48 20.31 9.78 17.89 4.37 13.83 14.27 12.48 9.78 0.0 17.89 7.83 16.6 15.77 20.31 25.14 14.27 16.6 16.6 16.1 9.15 17.89 4.5 16.1 15.77 28.02 9.78 4.37 20.37 9.78 20.31 20.92 10.5 4.37 10.5 15.77 20.31 25.14 4.37 4.5 17.89 15.77 10.45 27.26 4.37 22.16 13.83 13.83 15.77 27.09 10.5 4.5 16.1 0.0 10.5 9.15 9.15 27.04 10.45 12.48 9.78 13.1 9.78 25.14 10.45 16.1 13.83 0.0 27.26 7.12 4.37 15.77 20.31 4.37 13.83 13.1 28.02 25.14 27.26 18.0 20.31 0.0 20.92 16.6 13.1 27.04 27.26 10.5 28.02 4.37 9.15 14.27 25.14 16.1 22.16 27.26 0.0 16.1 18.0 20.37 16.1 14.27 25.14 4.37 13.1 28.02 7.83 27.04 4.5 20.92 18.0 25.14 12.48
14.27 10.92 8.39 7.5 6.18 15.19 8.25 12.21 14.15 6.41 15.19 6.36 14.27 6.18 6.41 3.82 8.49 12.21 8.49 12.82 12.77 11.45 12.77 6.18 12.95 9.78 12.95 6.41 14.27 12.82 12.77 3.82 15.19 12.21 14.27 0.0 11.45 6.18 8.25 6.41 10.45 10.53 8.39 11.45 14.27 14.15 9.78 3.82 14.15 6.36 12.77 6.18 8.25 12.77 12.95 12.21 7.5 10.45 10.45 0.0 12.82 14.15 11.45 12.95 3.82 6.18 14.27 12.77 12.82 9.78 7.5 7.5 6.41 15.19 6.36 12.77 14.27 13.52 7.5 6.18 9.78 3.82 15.19 10.45 13.52 6.18 14.27 14.15 8.39 6.41 8.49 10.53 10.92 10.45 0.0 8.39 8.49 14.27 10.53 7.39 6.18 7.5 6.41 12.77 0.0 6.18 6.18 8.25 12.21 10.53 9.78 8.25 7.5 15.19 8.49 10.92 6.18 8.49 6.41 8.49 3.82 12.82 3.82 7.5 6.41 12.77 10.92 9.78 10.53 7.5 6.36 13.52 10.92 11.45 10.45 10.45 7.5 12.84 3.82 9.78 8.25 14.27 3.82 12.21 12.21 12.95 6.36 8.39 8.49 6.41 8.49 12.77 6.36 8.25 10.45 14.27 13.52 14.15 12.82 7.5 6.41 12.82 10.45 6.41 15.19 12.77 13.52 3.82 6.41 14.27 8.49 6.18 6.41 12.95 13.52 3.82 15.19 10.92 12.21 0.0 12.77 8.25 11.45 13.52 14.27 8.25 3.82 6.18 8.25 0.0 12.77 10.92 6.41 15.19 7.39 12.95 9.78 8.49 3.82 12.77 8.39
22.16 17.83 10.01 6.41 5.86 6.91 6.18 15.07 18.14 7.5 6.91 11.74 22.16 11.25 9.06 13.27 12.57 15.07 12.57 18.75 4.04 0.0 4.04 11.25 10.09 18.14 10.09 7.5 22.16 18.75 4.04 13.27 6.91 15.07 22.16 11.45 0.0 11.25 6.18 9.06 9.75 5.3 10.01 0.0 22.16 18.14 18.14 13.27 18.14 11.74 4.04 11.25 6.18 4.04 10.09 15.07 6.41 9.75 9.75 11.45 18.75 18.14 0.0 10.09 9.28 5.86 22.16 4.04 18.75 18.14 6.41 6.41 7.5 6.91 11.74 4.04 22.16 8.55 6.41 5.86 18.14 13.27 6.91 9.75 8.55 11.25 22.16 18.14 10.01 7.5 12.57 5.3 17.83 9.75 11.45 10.01 12.57 22.16 5.3 14.43 5.86 6.41 7.5 4.04 11.45 5.86 5.86 6.18 15.07 5.3 18.14 6.18 6.41 6.91 12.57 17.83 11.25 12.57 7.5 3.75 13.27 18.75 13.27 6.41 7.5 4.04 17.83 18.14 5.3 6.41 11.74 8.55 17.83 0.0 9.75 9.75 6.41 13.12 13.27 18.14 6.18 22.16 13.27 15.07 15.07 10.09 11.74 10.01 12.57 9.06 12.57 4.04 11.74 6.18 9.75 22.16 8.55 18.14 18.75 6.41 7.5 18.75 9.75 9.06 6.91 4.04 8.55 9.28 7.5 22.16 3.75 5.86 9.06 10.09 8.55 13.27 6.91 17.83 15.07 11.45 4.04 6.18 0.0 8.55 22.16 6.18 9.28 11.25 6.18 11.45 4.04 17.83 9.06 6.91 14.43 10.09 18.14 3.75 9.28 4.04 10.01
