0.0 3.35 12.09 13.42 5.41 9.0 14.23 3.35 10.92 3.35 14.77 9.0 13.58 12.09 8.08 12.09 15.66 0.0 3.0 14.23 13.58
3.35 0.0 15.44 16.77 8.49 12.09 16.77 4.74 13.42 4.74 18.12 12.09 16.77 15.44 10.82 15.0 18.25 3.35 6.18 16.77 16.77
12.09 15.44 0.0 1.5 7.65 6.18 10.92 12.37 8.75 12.37 3.0 6.18 5.41 0.0 7.65 6.36 11.42 12.09 9.6 10.92 5.41
13.42 16.77 1.5 0.0 9.12 6.71 10.61 13.83 10.06 13.83 1.5 6.71 4.74 1.5 9.12 7.5 10.92 13.42 10.82 10.61 4.74
5.41 8.49 7.65 9.12 0.0 7.5 13.83 4.74 6.0 4.74 10.61 7.5 10.92 7.65 3.0 6.71 15.0 5.41 4.5 13.83 10.92
9.0 12.09 6.18 6.71 7.5 0.0 6.36 10.92 12.09 10.92 7.5 0.0 4.74 6.18 9.6 10.92 7.5 9.0 6.0 6.36 4.74
14.23 16.77 10.92 10.61 13.83 6.36 0.0 16.77 18.31 16.77 10.5 6.36 6.0 10.92 15.95 16.77 1.5 14.23 11.42 0.0 6.0
3.35 4.74 12.37 13.83 4.74 10.92 16.77 0.0 8.75 0.0 15.3 10.92 15.07 12.37 6.36 10.61 18.12 3.35 5.41 16.77 15.07
10.92 13.42 8.75 10.06 6.0 12.09 18.31 8.75 0.0 8.75 11.42 12.09 13.83 8.75 3.0 3.0 19.21 10.92 10.5 18.31 13.83
3.35 4.74 12.37 13.83 4.74 10.92 16.77 0.0 8.75 0.0 15.3 10.92 15.07 12.37 6.36 10.61 18.12 3.35 5.41 16.77 15.07
14.77 18.12 3.0 1.5 10.61 7.5 10.5 15.3 11.42 15.3 0.0 7.5 4.5 3.0 10.61 8.75 10.61 14.77 12.09 10.5 4.5
9.0 12.09 6.18 6.71 7.5 0.0 6.36 10.92 12.09 10.92 7.5 0.0 4.74 6.18 9.6 10.92 7.5 9.0 6.0 6.36 4.74
13.58 16.77 5.41 4.74 10.92 4.74 6.0 15.07 13.83 15.07 4.5 4.74 0.0 5.41 12.09 11.72 6.18 13.58 10.61 6.0 0.0
12.09 15.44 0.0 1.5 7.65 6.18 10.92 12.37 8.75 12.37 3.0 6.18 5.41 0.0 7.65 6.36 11.42 12.09 9.6 10.92 5.41
8.08 10.82 7.65 9.12 3.0 9.6 15.95 6.36 3.0 6.36 10.61 9.6 12.09 7.65 0.0 4.24 16.97 8.08 7.5 15.95 12.09
12.09 15.0 6.36 7.5 6.71 10.92 16.77 10.61 3.0 10.61 8.75 10.92 11.72 6.36 4.24 0.0 17.49 12.09 10.92 16.77 11.72
15.66 18.25 11.42 10.92 15.0 7.5 1.5 18.12 19.21 18.12 10.61 7.5 6.18 11.42 16.97 17.49 0.0 15.66 12.82 1.5 6.18
0.0 3.35 12.09 13.42 5.41 9.0 14.23 3.35 10.92 3.35 14.77 9.0 13.58 12.09 8.08 12.09 15.66 0.0 3.0 14.23 13.58
3.0 6.18 9.6 10.82 4.5 6.0 11.42 5.41 10.5 5.41 12.09 6.0 10.61 9.6 7.5 10.92 12.82 3.0 0.0 11.42 10.61
14.23 16.77 10.92 10.61 13.83 6.36 0.0 16.77 18.31 16.77 10.5 6.36 6.0 10.92 15.95 16.77 1.5 14.23 11.42 0.0 6.0
13.58 16.77 5.41 4.74 10.92 4.74 6.0 15.07 13.83 15.07 4.5 4.74 0.0 5.41 12.09 11.72 6.18 13.58 10.61 6.0 0.0
