0.0 28.02 14.27 17.89 12.48 4.37 16.6 28.02 15.77 13.83 14.27 4.37 7.12 27.04 12.48 25.14 20.37 7.12 18.0 13.1 20.37 18.0 27.09 28.02 14.27 4.5 9.15 22.16 20.92 25.14 16.1 27.26 16.1 10.45 20.37 4.37 27.04 28.02 9.15 4.5 13.83 10.5 17.89 18.0 27.26 20.31 20.31 4.5 27.09 7.83 16.1 4.37 10.5 9.78 15.77 9.15 28.02 20.31 7.83 10.45 9.78 17.89 9.15 17.89 7.83 9.78 27.09 27.04 16.6 13.83 16.6 15.77 27.09 16.1 20.92 27.09 22.16 12.48 20.31 14.27 10.45 10.5 12.48 7.83 4.5 28.02 13.1 10.45 12.48 10.45 27.04 4.37 20.37 4.37 10.5 9.78 9.78 4.5 20.37 20.92 20.31 20.92 16.6 15.77 17.89 28.02 9.15 10.45 7.12 20.92 7.83 10.5 20.31 13.1 17.89 27.09 7.12 12.48 27.04 18.0 0.0 4.37 18.0 9.15 14.27 18.0 10.5 7.83 20.92 27.26 28.02 27.04 7.12 20.37 17.89 16.6 7.12 20.37 4.37 22.16 20.37 13.1 14.27 16.6 4.5 10.45 17.89 16.1 0.0 9.15 17.89 18.0 15.77 16.6 14.27 0.0 14.27 10.45 14.27 16.1 4.37 27.26 16.6 17.89 20.37 15.77 16.6 28.02 10.5 7.83 20.92 28.02 4.37 16.6 27.09 10.45 28.02 27.26 7.12 4.37 16.6
28.02 0.0 15.19 12.21 16.52 23.84 11.47 0.0 12.77 16.57 15.19 25.03 24.76 6.0 16.52 3.0 11.86 24.76 11.72 15.17 11.86 11.72 9.75 0.0 15.19 23.72 21.75 6.91 7.12 3.0 12.75 3.75 12.75 17.65 11.86 25.03 6.0 0.0 21.75 23.72 16.57 18.12 12.21 11.72 3.75 9.03 9.03 23.72 9.75 20.19 12.75 25.03 18.12 18.88 12.77 21.75 0.0 9.03 20.19 17.65 18.88 12.21 21.75 12.21 20.19 18.88 9.75 6.0 11.47 16.57 11.47 12.77 9.75 12.75 7.12 9.75 6.91 16.52 9.03 15.19 17.65 18.12 16.52 20.19 23.72 0.0 15.17 17.65 16.52 17.65 6.0 23.84 11.86 25.03 18.12 18.88 18.88 23.72 11.86 7.12 9.03 7.12 11.47 12.77 12.21 0.0 21.75 17.65 24.76 7.12 20.19 18.12 9.03 15.17 12.21 9.75 24.76 16.52 6.0 11.72 28.02 23.84 11.72 21.75 15.19 11.72 18.12 20.19 7.12 3.75 0.0 6.0 24.76 11.86 12.21 11.47 24.76 11.86 25.03 6.91 11.86 15.17 15.19 11.47 23.72 17.65 12.21 12.75 28.02 21.75 12.21 11.72 12.77 11.47 15.19 28.02 15.19 17.65 15.19 12.75 23.84 3.75 11.47 12.21 11.86 12.77 11.47 0.0 18.12 20.19 7.12 0.0 23.84 11.47 9.75 17.65 0.0 3.75 24.76 23.84 11.47
14.27 15.19 0.0 10.53 8.39 10.92 6.18 15.19 7.5 10.45 0.0 12.82 14.15 12.95 8.39 12.77 6.18 14.15 3.82 6.41 6.18 3.82 12.84 15.19 0.0 9.78 12.21 11.45 8.49 12.77 8.25 13.52 8.25 6.36 6.18 12.82 12.95 15.19 12.21 9.78 10.45 3.82 10.53 3.82 13.52 6.41 6.41 9.78 12.84 7.39 8.25 12.82 3.82 8.49 7.5 12.21 15.19 6.41 7.39 6.36 8.49 10.53 12.21 10.53 7.39 8.49 12.84 12.95 6.18 10.45 6.18 7.5 12.84 8.25 8.49 12.84 11.45 8.39 6.41 0.0 6.36 3.82 8.39 7.39 9.78 15.19 6.41 6.36 8.39 6.36 12.95 10.92 6.18 12.82 3.82 8.49 8.49 9.78 6.18 8.49 6.41 8.49 6.18 7.5 10.53 15.19 12.21 6.36 14.15 8.49 7.39 3.82 6.41 6.41 10.53 12.84 14.15 8.39 12.95 3.82 14.27 10.92 3.82 12.21 0.0 3.82 3.82 7.39 8.49 13.52 15.19 12.95 14.15 6.18 10.53 6.18 14.15 6.18 12.82 11.45 6.18 6.41 0.0 6.18 9.78 6.36 10.53 8.25 14.27 12.21 10.53 3.82 7.5 6.18 0.0 14.27 0.0 6.36 0.0 8.25 10.92 13.52 6.18 10.53 6.18 7.5 6.18 15.19 3.82 7.39 8.49 15.19 10.92 6.18 12.84 6.36 15.19 13.52 14.15 10.92 6.18
17.89 12.21 10.53 0.0 5.41 13.52 4.56 12.21 3.09 4.56 10.53 14.09 13.1 14.56 5.41 9.28 13.1 13.1 10.2 5.41 13.1 10.2 16.97 12.21 10.53 14.33 10.01 5.3 6.91 9.28 2.37 13.42 2.37 7.97 13.1 14.09 14.56 12.21 10.01 14.33 4.56 10.74 0.0 10.2 13.42 9.78 9.78 14.33 16.97 10.61 2.37 14.09 10.74 8.11 3.09 10.01 12.21 9.78 10.61 7.97 8.11 0.0 10.01 0.0 10.61 8.11 16.97 14.56 4.56 4.56 4.56 3.09 16.97 2.37 6.91 16.97 5.3 5.41 9.78 10.53 7.97 10.74 5.41 10.61 14.33 12.21 5.41 7.97 5.41 7.97 14.56 13.52 13.1 14.09 10.74 8.11 8.11 14.33 13.1 6.91 9.78 6.91 4.56 3.09 0.0 12.21 10.01 7.97 13.1 6.91 10.61 10.74 9.78 5.41 0.0 16.97 13.1 5.41 14.56 10.2 17.89 13.52 10.2 10.01 10.53 10.2 10.74 10.61 6.91 13.42 12.21 14.56 13.1 13.1 0.0 4.56 13.1 13.1 14.09 5.3 13.1 5.41 10.53 4.56 14.33 7.97 0.0 2.37 17.89 10.01 0.0 10.2 3.09 4.56 10.53 17.89 10.53 7.97 10.53 2.37 13.52 13.42 4.56 0.0 13.1 3.09 4.56 12.21 10.74 10.61 6.91 12.21 13.52 4.56 16.97 7.97 12.21 13.42 13.1 13.52 4.56
12.48 16.52 8.39 5.41 0.0 8.11 5.46 16.52 3.75 2.25 8.39 8.78 8.25 17.32 0.0 13.52 13.27 8.25 10.09 2.12 13.27 10.09 18.79 16.52 8.39 9.03 5.3 10.01 9.86 13.52 3.82 16.77 3.82 3.09 13.27 8.78 17.32 16.52 5.3 9.03 2.25 6.75 5.41 10.09 16.77 11.07 11.07 9.03 18.79 5.41 3.82 8.78 6.75 2.7 3.75 5.3 16.52 11.07 5.41 3.09 2.7 5.41 5.3 5.41 5.41 2.7 18.79 17.32 5.46 2.25 5.46 3.75 18.79 3.82 9.86 18.79 10.01 0.0 11.07 8.39 3.09 6.75 0.0 5.41 9.03 16.52 2.12 3.09 0.0 3.09 17.32 8.11 13.27 8.78 6.75 2.7 2.7 9.03 13.27 9.86 11.07 9.86 5.46 3.75 5.41 16.52 5.3 3.09 8.25 9.86 5.41 6.75 11.07 2.12 5.41 18.79 8.25 0.0 17.32 10.09 12.48 8.11 10.09 5.3 8.39 10.09 6.75 5.41 9.86 16.77 16.52 17.32 8.25 13.27 5.41 5.46 8.25 13.27 8.78 10.01 13.27 2.12 8.39 5.46 9.03 3.09 5.41 3.82 12.48 5.3 5.41 10.09 3.75 5.46 8.39 12.48 8.39 3.09 8.39 3.82 8.11 16.77 5.46 5.41 13.27 3.75 5.46 16.52 6.75 5.41 9.86 16.52 8.11 5.46 18.79 3.09 16.52 16.77 8.25 8.11 5.46
4.37 23.84 10.92 13.52 8.11 0.0 12.37 23.84 11.42 9.55 10.92 2.12 4.74 23.26 8.11 20.92 17.1 4.74 14.43 8.78 17.1 14.43 23.68 23.84 10.92 2.37 5.46 17.83 16.77 20.92 11.74 23.3 11.74 6.18 17.1 2.12 23.26 23.84 5.46 2.37 9.55 7.12 13.52 14.43 23.3 16.52 16.52 2.37 23.68 3.75 11.74 2.12 7.12 5.41 11.42 5.46 23.84 16.52 3.75 6.18 5.41 13.52 5.46 13.52 3.75 5.41 23.68 23.26 12.37 9.55 12.37 11.42 23.68 11.74 16.77 23.68 17.83 8.11 16.52 10.92 6.18 7.12 8.11 3.75 2.37 23.84 8.78 6.18 8.11 6.18 23.26 0.0 17.1 2.12 7.12 5.41 5.41 2.37 17.1 16.77 16.52 16.77 12.37 11.42 13.52 23.84 5.46 6.18 4.74 16.77 3.75 7.12 16.52 8.78 13.52 23.68 4.74 8.11 23.26 14.43 4.37 0.0 14.43 5.46 10.92 14.43 7.12 3.75 16.77 23.3 23.84 23.26 4.74 17.1 13.52 12.37 4.74 17.1 2.12 17.83 17.1 8.78 10.92 12.37 2.37 6.18 13.52 11.74 4.37 5.46 13.52 14.43 11.42 12.37 10.92 4.37 10.92 6.18 10.92 11.74 0.0 23.3 12.37 13.52 17.1 11.42 12.37 23.84 7.12 3.75 16.77 23.84 0.0 12.37 23.68 6.18 23.84 23.3 4.74 0.0 12.37
16.6 11.47 6.18 4.56 5.46 12.37 0.0 11.47 2.12 6.45 6.18 13.58 13.58 11.86 5.46 8.55 8.75 13.58 5.71 3.75 8.75 5.71 13.52 11.47 6.18 12.41 10.74 5.86 4.5 8.55 2.7 11.35 2.7 6.18 8.75 13.58 11.86 11.47 10.74 12.41 6.45 7.42 4.56 5.71 11.35 5.86 5.86 12.41 13.52 8.78 2.7 13.58 7.42 7.5 2.12 10.74 11.47 5.86 8.78 6.18 7.5 4.56 10.74 4.56 8.78 7.5 13.52 11.86 0.0 6.45 0.0 2.12 13.52 2.7 4.5 13.52 5.86 5.46 5.86 6.18 6.18 7.42 5.46 8.78 12.41 11.47 3.75 6.18 5.46 6.18 11.86 12.37 8.75 13.58 7.42 7.5 7.5 12.41 8.75 4.5 5.86 4.5 0.0 2.12 4.56 11.47 10.74 6.18 13.58 4.5 8.78 7.42 5.86 3.75 4.56 13.52 13.58 5.46 11.86 5.71 16.6 12.37 5.71 10.74 6.18 5.71 7.42 8.78 4.5 11.35 11.47 11.86 13.58 8.75 4.56 0.0 13.58 8.75 13.58 5.86 8.75 3.75 6.18 0.0 12.41 6.18 4.56 2.7 16.6 10.74 4.56 5.71 2.12 0.0 6.18 16.6 6.18 6.18 6.18 2.7 12.37 11.35 0.0 4.56 8.75 2.12 0.0 11.47 7.42 8.78 4.5 11.47 12.37 0.0 13.52 6.18 11.47 11.35 13.58 12.37 0.0
28.02 0.0 15.19 12.21 16.52 23.84 11.47 0.0 12.77 16.57 15.19 25.03 24.76 6.0 16.52 3.0 11.86 24.76 11.72 15.17 11.86 11.72 9.75 0.0 15.19 23.72 21.75 6.91 7.12 3.0 12.75 3.75 12.75 17.65 11.86 25.03 6.0 0.0 21.75 23.72 16.57 18.12 12.21 11.72 3.75 9.03 9.03 23.72 9.75 20.19 12.75 25.03 18.12 18.88 12.77 21.75 0.0 9.03 20.19 17.65 18.88 12.21 21.75 12.21 20.19 18.88 9.75 6.0 11.47 16.57 11.47 12.77 9.75 12.75 7.12 9.75 6.91 16.52 9.03 15.19 17.65 18.12 16.52 20.19 23.72 0.0 15.17 17.65 16.52 17.65 6.0 23.84 11.86 25.03 18.12 18.88 18.88 23.72 11.86 7.12 9.03 7.12 11.47 12.77 12.21 0.0 21.75 17.65 24.76 7.12 20.19 18.12 9.03 15.17 12.21 9.75 24.76 16.52 6.0 11.72 28.02 23.84 11.72 21.75 15.19 11.72 18.12 20.19 7.12 3.75 0.0 6.0 24.76 11.86 12.21 11.47 24.76 11.86 25.03 6.91 11.86 15.17 15.19 11.47 23.72 17.65 12.21 12.75 28.02 21.75 12.21 11.72 12.77 11.47 15.19 28.02 15.19 17.65 15.19 12.75 23.84 3.75 11.47 12.21 11.86 12.77 11.47 0.0 18.12 20.19 7.12 0.0 23.84 11.47 9.75 17.65 0.0 3.75 24.76 23.84 11.47
15.77 12.77 7.5 3.09 3.75 11.42 2.12 12.77 0.0 4.37 7.5 12.37 12.0 13.79 3.75 9.78 10.82 12.0 7.72 2.7 10.82 7.72 15.61 12.77 7.5 11.86 9.03 6.41 6.18 9.78 0.75 13.1 0.75 5.41 10.82 12.37 13.79 12.77 9.03 11.86 4.37 7.72 3.09 7.72 13.1 7.97 7.97 11.86 15.61 8.11 0.75 12.37 7.72 6.18 0.0 9.03 12.77 7.97 8.11 5.41 6.18 3.09 9.03 3.09 8.11 6.18 15.61 13.79 2.12 4.37 2.12 0.0 15.61 0.75 6.18 15.61 6.41 3.75 7.97 7.5 5.41 7.72 3.75 8.11 11.86 12.77 2.7 5.41 3.75 5.41 13.79 11.42 10.82 12.37 7.72 6.18 6.18 11.86 10.82 6.18 7.97 6.18 2.12 0.0 3.09 12.77 9.03 5.41 12.0 6.18 8.11 7.72 7.97 2.7 3.09 15.61 12.0 3.75 13.79 7.72 15.77 11.42 7.72 9.03 7.5 7.72 7.72 8.11 6.18 13.1 12.77 13.79 12.0 10.82 3.09 2.12 12.0 10.82 12.37 6.41 10.82 2.7 7.5 2.12 11.86 5.41 3.09 0.75 15.77 9.03 3.09 7.72 0.0 2.12 7.5 15.77 7.5 5.41 7.5 0.75 11.42 13.1 2.12 3.09 10.82 0.0 2.12 12.77 7.72 8.11 6.18 12.77 11.42 2.12 15.61 5.41 12.77 13.1 12.0 11.42 2.12
13.83 16.57 10.45 4.56 2.25 9.55 6.45 16.57 4.37 0.0 10.45 9.78 8.55 18.12 2.25 13.58 14.89 8.55 11.72 4.04 14.89 11.72 19.97 16.57 10.45 10.82 5.46 9.75 10.45 13.58 4.04 17.32 4.04 5.3 14.89 9.78 18.12 16.57 5.46 10.82 0.0 9.0 4.56 11.72 17.32 12.3 12.3 10.82 19.97 7.39 4.04 9.78 9.0 4.37 4.37 5.46 16.57 12.3 7.39 5.3 4.37 4.56 5.46 4.56 7.39 4.37 19.97 18.12 6.45 0.0 6.45 4.37 19.97 4.04 10.45 19.97 9.75 2.25 12.3 10.45 5.3 9.0 2.25 7.39 10.82 16.57 4.04 5.3 2.25 5.3 18.12 9.55 14.89 9.78 9.0 4.37 4.37 10.82 14.89 10.45 12.3 10.45 6.45 4.37 4.56 16.57 5.46 5.3 8.55 10.45 7.39 9.0 12.3 4.04 4.56 19.97 8.55 2.25 18.12 11.72 13.83 9.55 11.72 5.46 10.45 11.72 9.0 7.39 10.45 17.32 16.57 18.12 8.55 14.89 4.56 6.45 8.55 14.89 9.78 9.75 14.89 4.04 10.45 6.45 10.82 5.3 4.56 4.04 13.83 5.46 4.56 11.72 4.37 6.45 10.45 13.83 10.45 5.3 10.45 4.04 9.55 17.32 6.45 4.56 14.89 4.37 6.45 16.57 9.0 7.39 10.45 16.57 9.55 6.45 19.97 5.3 16.57 17.32 8.55 9.55 6.45
14.27 15.19 0.0 10.53 8.39 10.92 6.18 15.19 7.5 10.45 0.0 12.82 14.15 12.95 8.39 12.77 6.18 14.15 3.82 6.41 6.18 3.82 12.84 15.19 0.0 9.78 12.21 11.45 8.49 12.77 8.25 13.52 8.25 6.36 6.18 12.82 12.95 15.19 12.21 9.78 10.45 3.82 10.53 3.82 13.52 6.41 6.41 9.78 12.84 7.39 8.25 12.82 3.82 8.49 7.5 12.21 15.19 6.41 7.39 6.36 8.49 10.53 12.21 10.53 7.39 8.49 12.84 12.95 6.18 10.45 6.18 7.5 12.84 8.25 8.49 12.84 11.45 8.39 6.41 0.0 6.36 3.82 8.39 7.39 9.78 15.19 6.41 6.36 8.39 6.36 12.95 10.92 6.18 12.82 3.82 8.49 8.49 9.78 6.18 8.49 6.41 8.49 6.18 7.5 10.53 15.19 12.21 6.36 14.15 8.49 7.39 3.82 6.41 6.41 10.53 12.84 14.15 8.39 12.95 3.82 14.27 10.92 3.82 12.21 0.0 3.82 3.82 7.39 8.49 13.52 15.19 12.95 14.15 6.18 10.53 6.18 14.15 6.18 12.82 11.45 6.18 6.41 0.0 6.18 9.78 6.36 10.53 8.25 14.27 12.21 10.53 3.82 7.5 6.18 0.0 14.27 0.0 6.36 0.0 8.25 10.92 13.52 6.18 10.53 6.18 7.5 6.18 15.19 3.82 7.39 8.49 15.19 10.92 6.18 12.84 6.36 15.19 13.52 14.15 10.92 6.18
4.37 25.03 12.82 14.09 8.78 2.12 13.58 25.03 12.37 9.78 12.82 0.0 3.0 24.85 8.78 22.07 18.97 3.0 16.19 9.86 18.97 16.19 25.47 25.03 12.82 4.37 4.8 18.75 18.06 22.07 12.57 24.75 12.57 7.5 18.97 0.0 24.85 25.03 4.8 4.37 9.78 9.06 14.09 16.19 24.75 18.14 18.14 4.37 25.47 5.46 12.57 0.0 9.06 6.18 12.37 4.8 25.03 18.14 5.46 7.5 6.18 14.09 4.8 14.09 5.46 6.18 25.47 24.85 13.58 9.78 13.58 12.37 25.47 12.57 18.06 25.47 18.75 8.78 18.14 12.82 7.5 9.06 8.78 5.46 4.37 25.03 9.86 7.5 8.78 7.5 24.85 2.12 18.97 0.0 9.06 6.18 6.18 4.37 18.97 18.06 18.14 18.06 13.58 12.37 14.09 25.03 4.8 7.5 3.0 18.06 5.46 9.06 18.14 9.86 14.09 25.47 3.0 8.78 24.85 16.19 4.37 2.12 16.19 4.8 12.82 16.19 9.06 5.46 18.06 24.75 25.03 24.85 3.0 18.97 14.09 13.58 3.0 18.97 0.0 18.75 18.97 9.86 12.82 13.58 4.37 7.5 14.09 12.57 4.37 4.8 14.09 16.19 12.37 13.58 12.82 4.37 12.82 7.5 12.82 12.57 2.12 24.75 13.58 14.09 18.97 12.37 13.58 25.03 9.06 5.46 18.06 25.03 2.12 13.58 25.47 7.5 25.03 24.75 3.0 2.12 13.58
7.12 24.76 14.15 13.1 8.25 4.74 13.58 24.76 12.0 8.55 14.15 3.0 0.0 25.3 8.25 21.76 20.12 0.0 17.14 9.86 20.12 17.14 26.34 24.76 14.15 7.12 3.09 18.14 18.06 21.76 12.02 24.93 12.02 8.08 20.12 3.0 25.3 24.76 3.09 7.12 8.55 10.66 13.1 17.14 24.93 18.75 18.75 7.12 26.34 6.91 12.02 3.0 10.66 6.18 12.0 3.09 24.76 18.75 6.91 8.08 6.18 13.1 3.09 13.1 6.91 6.18 26.34 25.3 13.58 8.55 13.58 12.0 26.34 12.02 18.06 26.34 18.14 8.25 18.75 14.15 8.08 10.66 8.25 6.91 7.12 24.76 9.86 8.08 8.25 8.08 25.3 4.74 20.12 3.0 10.66 6.18 6.18 7.12 20.12 18.06 18.75 18.06 13.58 12.0 13.1 24.76 3.09 8.08 0.0 18.06 6.91 10.66 18.75 9.86 13.1 26.34 0.0 8.25 25.3 17.14 7.12 4.74 17.14 3.09 14.15 17.14 10.66 6.91 18.06 24.93 24.76 25.3 0.0 20.12 13.1 13.58 0.0 20.12 3.0 18.14 20.12 9.86 14.15 13.58 7.12 8.08 13.1 12.02 7.12 3.09 13.1 17.14 12.0 13.58 14.15 7.12 14.15 8.08 14.15 12.02 4.74 24.93 13.58 13.1 20.12 12.0 13.58 24.76 10.66 6.91 18.06 24.76 4.74 13.58 26.34 8.08 24.76 24.93 0.0 4.74 13.58
27.04 6.0 12.95 14.56 17.32 23.26 11.86 6.0 13.79 18.12 12.95 24.85 25.3 0.0 17.32 6.71 7.72 25.3 9.12 15.46 7.72 9.12 3.75 6.0 12.95 22.55 22.56 10.09 7.72 6.71 14.09 2.25 14.09 17.4 7.72 24.85 0.0 6.0 22.56 22.55 18.12 16.57 14.56 9.12 2.25 6.75 6.75 22.55 3.75 19.51 14.09 24.85 16.57 19.12 13.79 22.56 6.0 6.75 19.51 17.4 19.12 14.56 22.56 14.56 19.51 19.12 3.75 0.0 11.86 18.12 11.86 13.79 3.75 14.09 7.72 3.75 10.09 17.32 6.75 12.95 17.4 16.57 17.32 19.51 22.55 6.0 15.46 17.4 17.32 17.4 0.0 23.26 7.72 24.85 16.57 19.12 19.12 22.55 7.72 7.72 6.75 7.72 11.86 13.79 14.56 6.0 22.56 17.4 25.3 7.72 19.51 16.57 6.75 15.46 14.56 3.75 25.3 17.32 0.0 9.12 27.04 23.26 9.12 22.56 12.95 9.12 16.57 19.51 7.72 2.25 6.0 0.0 25.3 7.72 14.56 11.86 25.3 7.72 24.85 10.09 7.72 15.46 12.95 11.86 22.55 17.4 14.56 14.09 27.04 22.56 14.56 9.12 13.79 11.86 12.95 27.04 12.95 17.4 12.95 14.09 23.26 2.25 11.86 14.56 7.72 13.79 11.86 6.0 16.57 19.51 7.72 6.0 23.26 11.86 3.75 17.4 6.0 2.25 25.3 23.26 11.86
12.48 16.52 8.39 5.41 0.0 8.11 5.46 16.52 3.75 2.25 8.39 8.78 8.25 17.32 0.0 13.52 13.27 8.25 10.09 2.12 13.27 10.09 18.79 16.52 8.39 9.03 5.3 10.01 9.86 13.52 3.82 16.77 3.82 3.09 13.27 8.78 17.32 16.52 5.3 9.03 2.25 6.75 5.41 10.09 16.77 11.07 11.07 9.03 18.79 5.41 3.82 8.78 6.75 2.7 3.75 5.3 16.52 11.07 5.41 3.09 2.7 5.41 5.3 5.41 5.41 2.7 18.79 17.32 5.46 2.25 5.46 3.75 18.79 3.82 9.86 18.79 10.01 0.0 11.07 8.39 3.09 6.75 0.0 5.41 9.03 16.52 2.12 3.09 0.0 3.09 17.32 8.11 13.27 8.78 6.75 2.7 2.7 9.03 13.27 9.86 11.07 9.86 5.46 3.75 5.41 16.52 5.3 3.09 8.25 9.86 5.41 6.75 11.07 2.12 5.41 18.79 8.25 0.0 17.32 10.09 12.48 8.11 10.09 5.3 8.39 10.09 6.75 5.41 9.86 16.77 16.52 17.32 8.25 13.27 5.41 5.46 8.25 13.27 8.78 10.01 13.27 2.12 8.39 5.46 9.03 3.09 5.41 3.82 12.48 5.3 5.41 10.09 3.75 5.46 8.39 12.48 8.39 3.09 8.39 3.82 8.11 16.77 5.46 5.41 13.27 3.75 5.46 16.52 6.75 5.41 9.86 16.52 8.11 5.46 18.79 3.09 16.52 16.77 8.25 8.11 5.46
25.14 3.0 12.77 9.28 13.52 20.92 8.55 3.0 9.78 13.58 12.77 22.07 21.76 6.71 13.52 0.0 10.45 21.76 9.6 12.21 10.45 9.6 10.2 3.0 12.77 20.89 18.75 4.04 4.37 0.0 9.75 4.8 9.75 14.74 10.45 22.07 6.71 3.0 18.75 20.89 13.58 15.44 9.28 9.6 4.8 7.08 7.08 20.89 10.2 17.32 9.75 22.07 15.44 15.91 9.78 18.75 3.0 7.08 17.32 14.74 15.91 9.28 18.75 9.28 17.32 15.91 10.2 6.71 8.55 13.58 8.55 9.78 10.2 9.75 4.37 10.2 4.04 13.52 7.08 12.77 14.74 15.44 13.52 17.32 20.89 3.0 12.21 14.74 13.52 14.74 6.71 20.92 10.45 22.07 15.44 15.91 15.91 20.89 10.45 4.37 7.08 4.37 8.55 9.78 9.28 3.0 18.75 14.74 21.76 4.37 17.32 15.44 7.08 12.21 9.28 10.2 21.76 13.52 6.71 9.6 25.14 20.92 9.6 18.75 12.77 9.6 15.44 17.32 4.37 4.8 3.0 6.71 21.76 10.45 9.28 8.55 21.76 10.45 22.07 4.04 10.45 12.21 12.77 8.55 20.89 14.74 9.28 9.75 25.14 18.75 9.28 9.6 9.78 8.55 12.77 25.14 12.77 14.74 12.77 9.75 20.92 4.8 8.55 9.28 10.45 9.78 8.55 3.0 15.44 17.32 4.37 3.0 20.92 8.55 10.2 14.74 3.0 4.8 21.76 20.92 8.55
20.37 11.86 6.18 13.1 13.27 17.1 8.75 11.86 10.82 14.89 6.18 18.97 20.12 7.72 13.27 10.45 0.0 20.12 3.18 11.15 0.0 3.18 6.75 11.86 6.18 15.91 17.89 11.25 7.5 10.45 11.45 9.03 11.45 12.09 0.0 18.97 7.72 11.86 17.89 15.91 14.89 10.01 13.1 3.18 9.03 3.75 3.75 15.91 6.75 13.52 11.45 18.97 10.01 14.15 10.82 17.89 11.86 3.75 13.52 12.09 14.15 13.1 17.89 13.1 13.52 14.15 6.75 7.72 8.75 14.89 8.75 10.82 6.75 11.45 7.5 6.75 11.25 13.27 3.75 6.18 12.09 10.01 13.27 13.52 15.91 11.86 11.15 12.09 13.27 12.09 7.72 17.1 0.0 18.97 10.01 14.15 14.15 15.91 0.0 7.5 3.75 7.5 8.75 10.82 13.1 11.86 17.89 12.09 20.12 7.5 13.52 10.01 3.75 11.15 13.1 6.75 20.12 13.27 7.72 3.18 20.37 17.1 3.18 17.89 6.18 3.18 10.01 13.52 7.5 9.03 11.86 7.72 20.12 0.0 13.1 8.75 20.12 0.0 18.97 11.25 0.0 11.15 6.18 8.75 15.91 12.09 13.1 11.45 20.37 17.89 13.1 3.18 10.82 8.75 6.18 20.37 6.18 12.09 6.18 11.45 17.1 9.03 8.75 13.1 0.0 10.82 8.75 11.86 10.01 13.52 7.5 11.86 17.1 8.75 6.75 12.09 11.86 9.03 20.12 17.1 8.75
7.12 24.76 14.15 13.1 8.25 4.74 13.58 24.76 12.0 8.55 14.15 3.0 0.0 25.3 8.25 21.76 20.12 0.0 17.14 9.86 20.12 17.14 26.34 24.76 14.15 7.12 3.09 18.14 18.06 21.76 12.02 24.93 12.02 8.08 20.12 3.0 25.3 24.76 3.09 7.12 8.55 10.66 13.1 17.14 24.93 18.75 18.75 7.12 26.34 6.91 12.02 3.0 10.66 6.18 12.0 3.09 24.76 18.75 6.91 8.08 6.18 13.1 3.09 13.1 6.91 6.18 26.34 25.3 13.58 8.55 13.58 12.0 26.34 12.02 18.06 26.34 18.14 8.25 18.75 14.15 8.08 10.66 8.25 6.91 7.12 24.76 9.86 8.08 8.25 8.08 25.3 4.74 20.12 3.0 10.66 6.18 6.18 7.12 20.12 18.06 18.75 18.06 13.58 12.0 13.1 24.76 3.09 8.08 0.0 18.06 6.91 10.66 18.75 9.86 13.1 26.34 0.0 8.25 25.3 17.14 7.12 4.74 17.14 3.09 14.15 17.14 10.66 6.91 18.06 24.93 24.76 25.3 0.0 20.12 13.1 13.58 0.0 20.12 3.0 18.14 20.12 9.86 14.15 13.58 7.12 8.08 13.1 12.02 7.12 3.09 13.1 17.14 12.0 13.58 14.15 7.12 14.15 8.08 14.15 12.02 4.74 24.93 13.58 13.1 20.12 12.0 13.58 24.76 10.66 6.91 18.06 24.76 4.74 13.58 26.34 8.08 24.76 24.93 0.0 4.74 13.58
18.0 11.72 3.82 10.2 10.09 14.43 5.71 11.72 7.72 11.72 3.82 16.19 17.14 9.12 10.09 9.6 3.18 17.14 0.0 7.97 3.18 0.0 9.28 11.72 3.82 13.5 14.79 9.28 5.71 9.6 8.39 9.75 8.39 9.06 3.18 16.19 9.12 11.72 14.79 13.5 11.72 7.5 10.2 0.0 9.75 2.7 2.7 13.5 9.28 10.74 8.39 16.19 7.5 11.07 7.72 14.79 11.72 2.7 10.74 9.06 11.07 10.2 14.79 10.2 10.74 11.07 9.28 9.12 5.71 11.72 5.71 7.72 9.28 8.39 5.71 9.28 9.28 10.09 2.7 3.82 9.06 7.5 10.09 10.74 13.5 11.72 7.97 9.06 10.09 9.06 9.12 14.43 3.18 16.19 7.5 11.07 11.07 13.5 3.18 5.71 2.7 5.71 5.71 7.72 10.2 11.72 14.79 9.06 17.14 5.71 10.74 7.5 2.7 7.97 10.2 9.28 17.14 10.09 9.12 0.0 18.0 14.43 0.0 14.79 3.82 0.0 7.5 10.74 5.71 9.75 11.72 9.12 17.14 3.18 10.2 5.71 17.14 3.18 16.19 9.28 3.18 7.97 3.82 5.71 13.5 9.06 10.2 8.39 18.0 14.79 10.2 0.0 7.72 5.71 3.82 18.0 3.82 9.06 3.82 8.39 14.43 9.75 5.71 10.2 3.18 7.72 5.71 11.72 7.5 10.74 5.71 11.72 14.43 5.71 9.28 9.06 11.72 9.75 17.14 14.43 5.71
13.1 15.17 6.41 5.41 2.12 8.78 3.75 15.17 2.7 4.04 6.41 9.86 9.86 15.46 2.12 12.21 11.15 9.86 7.97 0.0 11.15 7.97 16.77 15.17 6.41 9.15 7.12 9.06 8.25 12.21 3.18 15.07 3.18 2.7 11.15 9.86 15.46 15.17 7.12 9.15 4.04 5.46 5.41 7.97 15.07 9.06 9.06 9.15 16.77 5.41 3.18 9.86 5.46 3.75 2.7 7.12 15.17 9.06 5.41 2.7 3.75 5.41 7.12 5.41 5.41 3.75 16.77 15.46 3.75 4.04 3.75 2.7 16.77 3.18 8.25 16.77 9.06 2.12 9.06 6.41 2.7 5.46 2.12 5.41 9.15 15.17 0.0 2.7 2.12 2.7 15.46 8.78 11.15 9.86 5.46 3.75 3.75 9.15 11.15 8.25 9.06 8.25 3.75 2.7 5.41 15.17 7.12 2.7 9.86 8.25 5.41 5.46 9.06 0.0 5.41 16.77 9.86 2.12 15.46 7.97 13.1 8.78 7.97 7.12 6.41 7.97 5.46 5.41 8.25 15.07 15.17 15.46 9.86 11.15 5.41 3.75 9.86 11.15 9.86 9.06 11.15 0.0 6.41 3.75 9.15 2.7 5.41 3.18 13.1 7.12 5.41 7.97 2.7 3.75 6.41 13.1 6.41 2.7 6.41 3.18 8.78 15.07 3.75 5.41 11.15 2.7 3.75 15.17 5.46 5.41 8.25 15.17 8.78 3.75 16.77 2.7 15.17 15.07 9.86 8.78 3.75
20.37 11.86 6.18 13.1 13.27 17.1 8.75 11.86 10.82 14.89 6.18 18.97 20.12 7.72 13.27 10.45 0.0 20.12 3.18 11.15 0.0 3.18 6.75 11.86 6.18 15.91 17.89 11.25 7.5 10.45 11.45 9.03 11.45 12.09 0.0 18.97 7.72 11.86 17.89 15.91 14.89 10.01 13.1 3.18 9.03 3.75 3.75 15.91 6.75 13.52 11.45 18.97 10.01 14.15 10.82 17.89 11.86 3.75 13.52 12.09 14.15 13.1 17.89 13.1 13.52 14.15 6.75 7.72 8.75 14.89 8.75 10.82 6.75 11.45 7.5 6.75 11.25 13.27 3.75 6.18 12.09 10.01 13.27 13.52 15.91 11.86 11.15 12.09 13.27 12.09 7.72 17.1 0.0 18.97 10.01 14.15 14.15 15.91 0.0 7.5 3.75 7.5 8.75 10.82 13.1 11.86 17.89 12.09 20.12 7.5 13.52 10.01 3.75 11.15 13.1 6.75 20.12 13.27 7.72 3.18 20.37 17.1 3.18 17.89 6.18 3.18 10.01 13.52 7.5 9.03 11.86 7.72 20.12 0.0 13.1 8.75 20.12 0.0 18.97 11.25 0.0 11.15 6.18 8.75 15.91 12.09 13.1 11.45 20.37 17.89 13.1 3.18 10.82 8.75 6.18 20.37 6.18 12.09 6.18 11.45 17.1 9.03 8.75 13.1 0.0 10.82 8.75 11.86 10.01 13.52 7.5 11.86 17.1 8.75 6.75 12.09 11.86 9.03 20.12 17.1 8.75
18.0 11.72 3.82 10.2 10.09 14.43 5.71 11.72 7.72 11.72 3.82 16.19 17.14 9.12 10.09 9.6 3.18 17.14 0.0 7.97 3.18 0.0 9.28 11.72 3.82 13.5 14.79 9.28 5.71 9.6 8.39 9.75 8.39 9.06 3.18 16.19 9.12 11.72 14.79 13.5 11.72 7.5 10.2 0.0 9.75 2.7 2.7 13.5 9.28 10.74 8.39 16.19 7.5 11.07 7.72 14.79 11.72 2.7 10.74 9.06 11.07 10.2 14.79 10.2 10.74 11.07 9.28 9.12 5.71 11.72 5.71 7.72 9.28 8.39 5.71 9.28 9.28 10.09 2.7 3.82 9.06 7.5 10.09 10.74 13.5 11.72 7.97 9.06 10.09 9.06 9.12 14.43 3.18 16.19 7.5 11.07 11.07 13.5 3.18 5.71 2.7 5.71 5.71 7.72 10.2 11.72 14.79 9.06 17.14 5.71 10.74 7.5 2.7 7.97 10.2 9.28 17.14 10.09 9.12 0.0 18.0 14.43 0.0 14.79 3.82 0.0 7.5 10.74 5.71 9.75 11.72 9.12 17.14 3.18 10.2 5.71 17.14 3.18 16.19 9.28 3.18 7.97 3.82 5.71 13.5 9.06 10.2 8.39 18.0 14.79 10.2 0.0 7.72 5.71 3.82 18.0 3.82 9.06 3.82 8.39 14.43 9.75 5.71 10.2 3.18 7.72 5.71 11.72 7.5 10.74 5.71 11.72 14.43 5.71 9.28 9.06 11.72 9.75 17.14 14.43 5.71
27.09 9.75 12.84 16.97 18.79 23.68 13.52 9.75 15.61 19.97 12.84 25.47 26.34 3.75 18.79 10.2 6.75 26.34 9.28 16.77 6.75 9.28 0.0 9.75 12.84 22.61 23.84 13.12 10.09 10.2 16.05 6.0 16.05 18.26 6.75 25.47 3.75 9.75 23.84 22.61 19.97 16.65 16.97 9.28 6.0 7.72 7.72 22.61 0.0 20.01 16.05 25.47 16.65 20.19 15.61 23.84 9.75 7.72 20.01 18.26 20.19 16.97 23.84 16.97 20.01 20.19 0.0 3.75 13.52 19.97 13.52 15.61 0.0 16.05 10.09 0.0 13.12 18.79 7.72 12.84 18.26 16.65 18.79 20.01 22.61 9.75 16.77 18.26 18.79 18.26 3.75 23.68 6.75 25.47 16.65 20.19 20.19 22.61 6.75 10.09 7.72 10.09 13.52 15.61 16.97 9.75 23.84 18.26 26.34 10.09 20.01 16.65 7.72 16.77 16.97 0.0 26.34 18.79 3.75 9.28 27.09 23.68 9.28 23.84 12.84 9.28 16.65 20.01 10.09 6.0 9.75 3.75 26.34 6.75 16.97 13.52 26.34 6.75 25.47 13.12 6.75 16.77 12.84 13.52 22.61 18.26 16.97 16.05 27.09 23.84 16.97 9.28 15.61 13.52 12.84 27.09 12.84 18.26 12.84 16.05 23.68 6.0 13.52 16.97 6.75 15.61 13.52 9.75 16.65 20.01 10.09 9.75 23.68 13.52 0.0 18.26 9.75 6.0 26.34 23.68 13.52
28.02 0.0 15.19 12.21 16.52 23.84 11.47 0.0 12.77 16.57 15.19 25.03 24.76 6.0 16.52 3.0 11.86 24.76 11.72 15.17 11.86 11.72 9.75 0.0 15.19 23.72 21.75 6.91 7.12 3.0 12.75 3.75 12.75 17.65 11.86 25.03 6.0 0.0 21.75 23.72 16.57 18.12 12.21 11.72 3.75 9.03 9.03 23.72 9.75 20.19 12.75 25.03 18.12 18.88 12.77 21.75 0.0 9.03 20.19 17.65 18.88 12.21 21.75 12.21 20.19 18.88 9.75 6.0 11.47 16.57 11.47 12.77 9.75 12.75 7.12 9.75 6.91 16.52 9.03 15.19 17.65 18.12 16.52 20.19 23.72 0.0 15.17 17.65 16.52 17.65 6.0 23.84 11.86 25.03 18.12 18.88 18.88 23.72 11.86 7.12 9.03 7.12 11.47 12.77 12.21 0.0 21.75 17.65 24.76 7.12 20.19 18.12 9.03 15.17 12.21 9.75 24.76 16.52 6.0 11.72 28.02 23.84 11.72 21.75 15.19 11.72 18.12 20.19 7.12 3.75 0.0 6.0 24.76 11.86 12.21 11.47 24.76 11.86 25.03 6.91 11.86 15.17 15.19 11.47 23.72 17.65 12.21 12.75 28.02 21.75 12.21 11.72 12.77 11.47 15.19 28.02 15.19 17.65 15.19 12.75 23.84 3.75 11.47 12.21 11.86 12.77 11.47 0.0 18.12 20.19 7.12 0.0 23.84 11.47 9.75 17.65 0.0 3.75 24.76 23.84 11.47
14.27 15.19 0.0 10.53 8.39 10.92 6.18 15.19 7.5 10.45 0.0 12.82 14.15 12.95 8.39 12.77 6.18 14.15 3.82 6.41 6.18 3.82 12.84 15.19 0.0 9.78 12.21 11.45 8.49 12.77 8.25 13.52 8.25 6.36 6.18 12.82 12.95 15.19 12.21 9.78 10.45 3.82 10.53 3.82 13.52 6.41 6.41 9.78 12.84 7.39 8.25 12.82 3.82 8.49 7.5 12.21 15.19 6.41 7.39 6.36 8.49 10.53 12.21 10.53 7.39 8.49 12.84 12.95 6.18 10.45 6.18 7.5 12.84 8.25 8.49 12.84 11.45 8.39 6.41 0.0 6.36 3.82 8.39 7.39 9.78 15.19 6.41 6.36 8.39 6.36 12.95 10.92 6.18 12.82 3.82 8.49 8.49 9.78 6.18 8.49 6.41 8.49 6.18 7.5 10.53 15.19 12.21 6.36 14.15 8.49 7.39 3.82 6.41 6.41 10.53 12.84 14.15 8.39 12.95 3.82 14.27 10.92 3.82 12.21 0.0 3.82 3.82 7.39 8.49 13.52 15.19 12.95 14.15 6.18 10.53 6.18 14.15 6.18 12.82 11.45 6.18 6.41 0.0 6.18 9.78 6.36 10.53 8.25 14.27 12.21 10.53 3.82 7.5 6.18 0.0 14.27 0.0 6.36 0.0 8.25 10.92 13.52 6.18 10.53 6.18 7.5 6.18 15.19 3.82 7.39 8.49 15.19 10.92 6.18 12.84 6.36 15.19 13.52 14.15 10.92 6.18
4.5 23.72 9.78 14.33 9.03 2.37 12.41 23.72 11.86 10.82 9.78 4.37 7.12 22.55 9.03 20.89 15.91 7.12 13.5 9.15 15.91 13.5 22.61 23.72 9.78 0.0 7.54 18.14 16.6 20.89 12.3 22.81 12.3 6.45 15.91 4.37 22.55 23.72 7.54 0.0 10.82 6.0 14.33 13.5 22.81 15.82 15.82 0.0 22.61 3.75 12.3 4.37 6.0 6.45 11.86 7.54 23.72 15.82 3.75 6.45 6.45 14.33 7.54 14.33 3.75 6.45 22.61 22.55 12.41 10.82 12.41 11.86 22.61 12.3 16.6 22.61 18.14 9.03 15.82 9.78 6.45 6.0 9.03 3.75 0.0 23.72 9.15 6.45 9.03 6.45 22.55 2.37 15.91 4.37 6.0 6.45 6.45 0.0 15.91 16.6 15.82 16.6 12.41 11.86 14.33 23.72 7.54 6.45 7.12 16.6 3.75 6.0 15.82 9.15 14.33 22.61 7.12 9.03 22.55 13.5 4.5 2.37 13.5 7.54 9.78 13.5 6.0 3.75 16.6 22.81 23.72 22.55 7.12 15.91 14.33 12.41 7.12 15.91 4.37 18.14 15.91 9.15 9.78 12.41 0.0 6.45 14.33 12.3 4.5 7.54 14.33 13.5 11.86 12.41 9.78 4.5 9.78 6.45 9.78 12.3 2.37 22.81 12.41 14.33 15.91 11.86 12.41 23.72 6.0 3.75 16.6 23.72 2.37 12.41 22.61 6.45 23.72 22.81 7.12 2.37 12.41
9.15 21.75 12.21 10.01 5.3 5.46 10.74 21.75 9.03 5.46 12.21 4.8 3.09 22.56 5.3 18.75 17.89 3.09 14.79 7.12 17.89 14.79 23.84 21.75 12.21 7.54 0.0 15.07 15.17 18.75 9.0 22.07 9.0 5.86 17.89 4.8 22.56 21.75 0.0 7.54 5.46 9.15 10.01 14.79 22.07 16.16 16.16 7.54 23.84 5.71 9.0 4.8 9.15 3.75 9.03 0.0 21.75 16.16 5.71 5.86 3.75 10.01 0.0 10.01 5.71 3.75 23.84 22.56 10.74 5.46 10.74 9.03 23.84 9.0 15.17 23.84 15.07 5.3 16.16 12.21 5.86 9.15 5.3 5.71 7.54 21.75 7.12 5.86 5.3 5.86 22.56 5.46 17.89 4.8 9.15 3.75 3.75 7.54 17.89 15.17 16.16 15.17 10.74 9.03 10.01 21.75 0.0 5.86 3.09 15.17 5.71 9.15 16.16 7.12 10.01 23.84 3.09 5.3 22.56 14.79 9.15 5.46 14.79 0.0 12.21 14.79 9.15 5.71 15.17 22.07 21.75 22.56 3.09 17.89 10.01 10.74 3.09 17.89 4.8 15.07 17.89 7.12 12.21 10.74 7.54 5.86 10.01 9.0 9.15 0.0 10.01 14.79 9.03 10.74 12.21 9.15 12.21 5.86 12.21 9.0 5.46 22.07 10.74 10.01 17.89 9.03 10.74 21.75 9.15 5.71 15.17 21.75 5.46 10.74 23.84 5.86 21.75 22.07 3.09 5.46 10.74
22.16 6.91 11.45 5.3 10.01 17.83 5.86 6.91 6.41 9.75 11.45 18.75 18.14 10.09 10.01 4.04 11.25 18.14 9.28 9.06 11.25 9.28 13.12 6.91 11.45 18.14 15.07 0.0 3.75 4.04 6.18 8.55 6.18 11.74 11.25 18.75 10.09 6.91 15.07 18.14 9.75 13.27 5.3 9.28 8.55 7.5 7.5 18.14 13.12 14.43 6.18 18.75 13.27 12.57 6.41 15.07 6.91 7.5 14.43 11.74 12.57 5.3 15.07 5.3 14.43 12.57 13.12 10.09 5.86 9.75 5.86 6.41 13.12 6.18 3.75 13.12 0.0 10.01 7.5 11.45 11.74 13.27 10.01 14.43 18.14 6.91 9.06 11.74 10.01 11.74 10.09 17.83 11.25 18.75 13.27 12.57 12.57 18.14 11.25 3.75 7.5 3.75 5.86 6.41 5.3 6.91 15.07 11.74 18.14 3.75 14.43 13.27 7.5 9.06 5.3 13.12 18.14 10.01 10.09 9.28 22.16 17.83 9.28 15.07 11.45 9.28 13.27 14.43 3.75 8.55 6.91 10.09 18.14 11.25 5.3 5.86 18.14 11.25 18.75 0.0 11.25 9.06 11.45 5.86 18.14 11.74 5.3 6.18 22.16 15.07 5.3 9.28 6.41 5.86 11.45 22.16 11.45 11.74 11.45 6.18 17.83 8.55 5.86 5.3 11.25 6.41 5.86 6.91 13.27 14.43 3.75 6.91 17.83 5.86 13.12 11.74 6.91 8.55 18.14 17.83 5.86
20.92 7.12 8.49 6.91 9.86 16.77 4.5 7.12 6.18 10.45 8.49 18.06 18.06 7.72 9.86 4.37 7.5 18.06 5.71 8.25 7.5 5.71 10.09 7.12 8.49 16.6 15.17 3.75 0.0 4.37 6.41 6.91 6.41 10.61 7.5 18.06 7.72 7.12 15.17 16.6 10.45 11.07 6.91 5.71 6.91 3.75 3.75 16.6 10.09 13.1 6.41 18.06 11.07 12.0 6.18 15.17 7.12 3.75 13.1 10.61 12.0 6.91 15.17 6.91 13.1 12.0 10.09 7.72 4.5 10.45 4.5 6.18 10.09 6.41 0.0 10.09 3.75 9.86 3.75 8.49 10.61 11.07 9.86 13.1 16.6 7.12 8.25 10.61 9.86 10.61 7.72 16.77 7.5 18.06 11.07 12.0 12.0 16.6 7.5 0.0 3.75 0.0 4.5 6.18 6.91 7.12 15.17 10.61 18.06 0.0 13.1 11.07 3.75 8.25 6.91 10.09 18.06 9.86 7.72 5.71 20.92 16.77 5.71 15.17 8.49 5.71 11.07 13.1 0.0 6.91 7.12 7.72 18.06 7.5 6.91 4.5 18.06 7.5 18.06 3.75 7.5 8.25 8.49 4.5 16.6 10.61 6.91 6.41 20.92 15.17 6.91 5.71 6.18 4.5 8.49 20.92 8.49 10.61 8.49 6.41 16.77 6.91 4.5 6.91 7.5 6.18 4.5 7.12 11.07 13.1 0.0 7.12 16.77 4.5 10.09 10.61 7.12 6.91 18.06 16.77 4.5
25.14 3.0 12.77 9.28 13.52 20.92 8.55 3.0 9.78 13.58 12.77 22.07 21.76 6.71 13.52 0.0 10.45 21.76 9.6 12.21 10.45 9.6 10.2 3.0 12.77 20.89 18.75 4.04 4.37 0.0 9.75 4.8 9.75 14.74 10.45 22.07 6.71 3.0 18.75 20.89 13.58 15.44 9.28 9.6 4.8 7.08 7.08 20.89 10.2 17.32 9.75 22.07 15.44 15.91 9.78 18.75 3.0 7.08 17.32 14.74 15.91 9.28 18.75 9.28 17.32 15.91 10.2 6.71 8.55 13.58 8.55 9.78 10.2 9.75 4.37 10.2 4.04 13.52 7.08 12.77 14.74 15.44 13.52 17.32 20.89 3.0 12.21 14.74 13.52 14.74 6.71 20.92 10.45 22.07 15.44 15.91 15.91 20.89 10.45 4.37 7.08 4.37 8.55 9.78 9.28 3.0 18.75 14.74 21.76 4.37 17.32 15.44 7.08 12.21 9.28 10.2 21.76 13.52 6.71 9.6 25.14 20.92 9.6 18.75 12.77 9.6 15.44 17.32 4.37 4.8 3.0 6.71 21.76 10.45 9.28 8.55 21.76 10.45 22.07 4.04 10.45 12.21 12.77 8.55 20.89 14.74 9.28 9.75 25.14 18.75 9.28 9.6 9.78 8.55 12.77 25.14 12.77 14.74 12.77 9.75 20.92 4.8 8.55 9.28 10.45 9.78 8.55 3.0 15.44 17.32 4.37 3.0 20.92 8.55 10.2 14.74 3.0 4.8 21.76 20.92 8.55
16.1 12.75 8.25 2.37 3.82 11.74 2.7 12.75 0.75 4.04 8.25 12.57 12.02 14.09 3.82 9.75 11.45 12.02 8.39 3.18 11.45 8.39 16.05 12.75 8.25 12.3 9.0 6.18 6.41 9.75 0.0 13.29 0.0 5.86 11.45 12.57 14.09 12.75 9.0 12.3 4.04 8.39 2.37 8.39 13.29 8.49 8.49 12.3 16.05 8.55 0.0 12.57 8.39 6.41 0.75 9.0 12.75 8.49 8.55 5.86 6.41 2.37 9.0 2.37 8.55 6.41 16.05 14.09 2.7 4.04 2.7 0.75 16.05 0.0 6.41 16.05 6.18 3.82 8.49 8.25 5.86 8.39 3.82 8.55 12.3 12.75 3.18 5.86 3.82 5.86 14.09 11.74 11.45 12.57 8.39 6.41 6.41 12.3 11.45 6.41 8.49 6.41 2.7 0.75 2.37 12.75 9.0 5.86 12.02 6.41 8.55 8.39 8.49 3.18 2.37 16.05 12.02 3.82 14.09 8.39 16.1 11.74 8.39 9.0 8.25 8.39 8.39 8.55 6.41 13.29 12.75 14.09 12.02 11.45 2.37 2.7 12.02 11.45 12.57 6.18 11.45 3.18 8.25 2.7 12.3 5.86 2.37 0.0 16.1 9.0 2.37 8.39 0.75 2.7 8.25 16.1 8.25 5.86 8.25 0.0 11.74 13.29 2.7 2.37 11.45 0.75 2.7 12.75 8.39 8.55 6.41 12.75 11.74 2.7 16.05 5.86 12.75 13.29 12.02 11.74 2.7
27.26 3.75 13.52 13.42 16.77 23.3 11.35 3.75 13.1 17.32 13.52 24.75 24.93 2.25 16.77 4.8 9.03 24.93 9.75 15.07 9.03 9.75 6.0 3.75 13.52 22.81 22.07 8.55 6.91 4.8 13.29 0.0 13.29 17.25 9.03 24.75 2.25 3.75 22.07 22.81 17.32 16.92 13.42 9.75 0.0 7.12 7.12 22.81 6.0 19.56 13.29 24.75 16.92 18.81 13.1 22.07 3.75 7.12 19.56 17.25 18.81 13.42 22.07 13.42 19.56 18.81 6.0 2.25 11.35 17.32 11.35 13.1 6.0 13.29 6.91 6.0 8.55 16.77 7.12 13.52 17.25 16.92 16.77 19.56 22.81 3.75 15.07 17.25 16.77 17.25 2.25 23.3 9.03 24.75 16.92 18.81 18.81 22.81 9.03 6.91 7.12 6.91 11.35 13.1 13.42 3.75 22.07 17.25 24.93 6.91 19.56 16.92 7.12 15.07 13.42 6.0 24.93 16.77 2.25 9.75 27.26 23.3 9.75 22.07 13.52 9.75 16.92 19.56 6.91 0.0 3.75 2.25 24.93 9.03 13.42 11.35 24.93 9.03 24.75 8.55 9.03 15.07 13.52 11.35 22.81 17.25 13.42 13.29 27.26 22.07 13.42 9.75 13.1 11.35 13.52 27.26 13.52 17.25 13.52 13.29 23.3 0.0 11.35 13.42 9.03 13.1 11.35 3.75 16.92 19.56 6.91 3.75 23.3 11.35 6.0 17.25 3.75 0.0 24.93 23.3 11.35
16.1 12.75 8.25 2.37 3.82 11.74 2.7 12.75 0.75 4.04 8.25 12.57 12.02 14.09 3.82 9.75 11.45 12.02 8.39 3.18 11.45 8.39 16.05 12.75 8.25 12.3 9.0 6.18 6.41 9.75 0.0 13.29 0.0 5.86 11.45 12.57 14.09 12.75 9.0 12.3 4.04 8.39 2.37 8.39 13.29 8.49 8.49 12.3 16.05 8.55 0.0 12.57 8.39 6.41 0.75 9.0 12.75 8.49 8.55 5.86 6.41 2.37 9.0 2.37 8.55 6.41 16.05 14.09 2.7 4.04 2.7 0.75 16.05 0.0 6.41 16.05 6.18 3.82 8.49 8.25 5.86 8.39 3.82 8.55 12.3 12.75 3.18 5.86 3.82 5.86 14.09 11.74 11.45 12.57 8.39 6.41 6.41 12.3 11.45 6.41 8.49 6.41 2.7 0.75 2.37 12.75 9.0 5.86 12.02 6.41 8.55 8.39 8.49 3.18 2.37 16.05 12.02 3.82 14.09 8.39 16.1 11.74 8.39 9.0 8.25 8.39 8.39 8.55 6.41 13.29 12.75 14.09 12.02 11.45 2.37 2.7 12.02 11.45 12.57 6.18 11.45 3.18 8.25 2.7 12.3 5.86 2.37 0.0 16.1 9.0 2.37 8.39 0.75 2.7 8.25 16.1 8.25 5.86 8.25 0.0 11.74 13.29 2.7 2.37 11.45 0.75 2.7 12.75 8.39 8.55 6.41 12.75 11.74 2.7 16.05 5.86 12.75 13.29 12.02 11.74 2.7
10.45 17.65 6.36 7.97 3.09 6.18 6.18 17.65 5.41 5.3 6.36 7.5 8.08 17.4 3.09 14.74 12.09 8.08 9.06 2.7 12.09 9.06 18.26 17.65 6.36 6.45 5.86 11.74 10.61 14.74 5.86 17.25 5.86 0.0 12.09 7.5 17.4 17.65 5.86 6.45 5.3 3.82 7.97 9.06 17.25 10.74 10.74 6.45 18.26 2.7 5.86 7.5 3.82 2.12 5.41 5.86 17.65 10.74 2.7 0.0 2.12 7.97 5.86 7.97 2.7 2.12 18.26 17.4 6.18 5.3 6.18 5.41 18.26 5.86 10.61 18.26 11.74 3.09 10.74 6.36 0.0 3.82 3.09 2.7 6.45 17.65 2.7 0.0 3.09 0.0 17.4 6.18 12.09 7.5 3.82 2.12 2.12 6.45 12.09 10.61 10.74 10.61 6.18 5.41 7.97 17.65 5.86 0.0 8.08 10.61 2.7 3.82 10.74 2.7 7.97 18.26 8.08 3.09 17.4 9.06 10.45 6.18 9.06 5.86 6.36 9.06 3.82 2.7 10.61 17.25 17.65 17.4 8.08 12.09 7.97 6.18 8.08 12.09 7.5 11.74 12.09 2.7 6.36 6.18 6.45 0.0 7.97 5.86 10.45 5.86 7.97 9.06 5.41 6.18 6.36 10.45 6.36 0.0 6.36 5.86 6.18 17.25 6.18 7.97 12.09 5.41 6.18 17.65 3.82 2.7 10.61 17.65 6.18 6.18 18.26 0.0 17.65 17.25 8.08 6.18 6.18
20.37 11.86 6.18 13.1 13.27 17.1 8.75 11.86 10.82 14.89 6.18 18.97 20.12 7.72 13.27 10.45 0.0 20.12 3.18 11.15 0.0 3.18 6.75 11.86 6.18 15.91 17.89 11.25 7.5 10.45 11.45 9.03 11.45 12.09 0.0 18.97 7.72 11.86 17.89 15.91 14.89 10.01 13.1 3.18 9.03 3.75 3.75 15.91 6.75 13.52 11.45 18.97 10.01 14.15 10.82 17.89 11.86 3.75 13.52 12.09 14.15 13.1 17.89 13.1 13.52 14.15 6.75 7.72 8.75 14.89 8.75 10.82 6.75 11.45 7.5 6.75 11.25 13.27 3.75 6.18 12.09 10.01 13.27 13.52 15.91 11.86 11.15 12.09 13.27 12.09 7.72 17.1 0.0 18.97 10.01 14.15 14.15 15.91 0.0 7.5 3.75 7.5 8.75 10.82 13.1 11.86 17.89 12.09 20.12 7.5 13.52 10.01 3.75 11.15 13.1 6.75 20.12 13.27 7.72 3.18 20.37 17.1 3.18 17.89 6.18 3.18 10.01 13.52 7.5 9.03 11.86 7.72 20.12 0.0 13.1 8.75 20.12 0.0 18.97 11.25 0.0 11.15 6.18 8.75 15.91 12.09 13.1 11.45 20.37 17.89 13.1 3.18 10.82 8.75 6.18 20.37 6.18 12.09 6.18 11.45 17.1 9.03 8.75 13.1 0.0 10.82 8.75 11.86 10.01 13.52 7.5 11.86 17.1 8.75 6.75 12.09 11.86 9.03 20.12 17.1 8.75
4.37 25.03 12.82 14.09 8.78 2.12 13.58 25.03 12.37 9.78 12.82 0.0 3.0 24.85 8.78 22.07 18.97 3.0 16.19 9.86 18.97 16.19 25.47 25.03 12.82 4.37 4.8 18.75 18.06 22.07 12.57 24.75 12.57 7.5 18.97 0.0 24.85 25.03 4.8 4.37 9.78 9.06 14.09 16.19 24.75 18.14 18.14 4.37 25.47 5.46 12.57 0.0 9.06 6.18 12.37 4.8 25.03 18.14 5.46 7.5 6.18 14.09 4.8 14.09 5.46 6.18 25.47 24.85 13.58 9.78 13.58 12.37 25.47 12.57 18.06 25.47 18.75 8.78 18.14 12.82 7.5 9.06 8.78 5.46 4.37 25.03 9.86 7.5 8.78 7.5 24.85 2.12 18.97 0.0 9.06 6.18 6.18 4.37 18.97 18.06 18.14 18.06 13.58 12.37 14.09 25.03 4.8 7.5 3.0 18.06 5.46 9.06 18.14 9.86 14.09 25.47 3.0 8.78 24.85 16.19 4.37 2.12 16.19 4.8 12.82 16.19 9.06 5.46 18.06 24.75 25.03 24.85 3.0 18.97 14.09 13.58 3.0 18.97 0.0 18.75 18.97 9.86 12.82 13.58 4.37 7.5 14.09 12.57 4.37 4.8 14.09 16.19 12.37 13.58 12.82 4.37 12.82 7.5 12.82 12.57 2.12 24.75 13.58 14.09 18.97 12.37 13.58 25.03 9.06 5.46 18.06 25.03 2.12 13.58 25.47 7.5 25.03 24.75 3.0 2.12 13.58
27.04 6.0 12.95 14.56 17.32 23.26 11.86 6.0 13.79 18.12 12.95 24.85 25.3 0.0 17.32 6.71 7.72 25.3 9.12 15.46 7.72 9.12 3.75 6.0 12.95 22.55 22.56 10.09 7.72 6.71 14.09 2.25 14.09 17.4 7.72 24.85 0.0 6.0 22.56 22.55 18.12 16.57 14.56 9.12 2.25 6.75 6.75 22.55 3.75 19.51 14.09 24.85 16.57 19.12 13.79 22.56 6.0 6.75 19.51 17.4 19.12 14.56 22.56 14.56 19.51 19.12 3.75 0.0 11.86 18.12 11.86 13.79 3.75 14.09 7.72 3.75 10.09 17.32 6.75 12.95 17.4 16.57 17.32 19.51 22.55 6.0 15.46 17.4 17.32 17.4 0.0 23.26 7.72 24.85 16.57 19.12 19.12 22.55 7.72 7.72 6.75 7.72 11.86 13.79 14.56 6.0 22.56 17.4 25.3 7.72 19.51 16.57 6.75 15.46 14.56 3.75 25.3 17.32 0.0 9.12 27.04 23.26 9.12 22.56 12.95 9.12 16.57 19.51 7.72 2.25 6.0 0.0 25.3 7.72 14.56 11.86 25.3 7.72 24.85 10.09 7.72 15.46 12.95 11.86 22.55 17.4 14.56 14.09 27.04 22.56 14.56 9.12 13.79 11.86 12.95 27.04 12.95 17.4 12.95 14.09 23.26 2.25 11.86 14.56 7.72 13.79 11.86 6.0 16.57 19.51 7.72 6.0 23.26 11.86 3.75 17.4 6.0 2.25 25.3 23.26 11.86
28.02 0.0 15.19 12.21 16.52 23.84 11.47 0.0 12.77 16.57 15.19 25.03 24.76 6.0 16.52 3.0 11.86 24.76 11.72 15.17 11.86 11.72 9.75 0.0 15.19 23.72 21.75 6.91 7.12 3.0 12.75 3.75 12.75 17.65 11.86 25.03 6.0 0.0 21.75 23.72 16.57 18.12 12.21 11.72 3.75 9.03 9.03 23.72 9.75 20.19 12.75 25.03 18.12 18.88 12.77 21.75 0.0 9.03 20.19 17.65 18.88 12.21 21.75 12.21 20.19 18.88 9.75 6.0 11.47 16.57 11.47 12.77 9.75 12.75 7.12 9.75 6.91 16.52 9.03 15.19 17.65 18.12 16.52 20.19 23.72 0.0 15.17 17.65 16.52 17.65 6.0 23.84 11.86 25.03 18.12 18.88 18.88 23.72 11.86 7.12 9.03 7.12 11.47 12.77 12.21 0.0 21.75 17.65 24.76 7.12 20.19 18.12 9.03 15.17 12.21 9.75 24.76 16.52 6.0 11.72 28.02 23.84 11.72 21.75 15.19 11.72 18.12 20.19 7.12 3.75 0.0 6.0 24.76 11.86 12.21 11.47 24.76 11.86 25.03 6.91 11.86 15.17 15.19 11.47 23.72 17.65 12.21 12.75 28.02 21.75 12.21 11.72 12.77 11.47 15.19 28.02 15.19 17.65 15.19 12.75 23.84 3.75 11.47 12.21 11.86 12.77 11.47 0.0 18.12 20.19 7.12 0.0 23.84 11.47 9.75 17.65 0.0 3.75 24.76 23.84 11.47
9.15 21.75 12.21 10.01 5.3 5.46 10.74 21.75 9.03 5.46 12.21 4.8 3.09 22.56 5.3 18.75 17.89 3.09 14.79 7.12 17.89 14.79 23.84 21.75 12.21 7.54 0.0 15.07 15.17 18.75 9.0 22.07 9.0 5.86 17.89 4.8 22.56 21.75 0.0 7.54 5.46 9.15 10.01 14.79 22.07 16.16 16.16 7.54 23.84 5.71 9.0 4.8 9.15 3.75 9.03 0.0 21.75 16.16 5.71 5.86 3.75 10.01 0.0 10.01 5.71 3.75 23.84 22.56 10.74 5.46 10.74 9.03 23.84 9.0 15.17 23.84 15.07 5.3 16.16 12.21 5.86 9.15 5.3 5.71 7.54 21.75 7.12 5.86 5.3 5.86 22.56 5.46 17.89 4.8 9.15 3.75 3.75 7.54 17.89 15.17 16.16 15.17 10.74 9.03 10.01 21.75 0.0 5.86 3.09 15.17 5.71 9.15 16.16 7.12 10.01 23.84 3.09 5.3 22.56 14.79 9.15 5.46 14.79 0.0 12.21 14.79 9.15 5.71 15.17 22.07 21.75 22.56 3.09 17.89 10.01 10.74 3.09 17.89 4.8 15.07 17.89 7.12 12.21 10.74 7.54 5.86 10.01 9.0 9.15 0.0 10.01 14.79 9.03 10.74 12.21 9.15 12.21 5.86 12.21 9.0 5.46 22.07 10.74 10.01 17.89 9.03 10.74 21.75 9.15 5.71 15.17 21.75 5.46 10.74 23.84 5.86 21.75 22.07 3.09 5.46 10.74
4.5 23.72 9.78 14.33 9.03 2.37 12.41 23.72 11.86 10.82 9.78 4.37 7.12 22.55 9.03 20.89 15.91 7.12 13.5 9.15 15.91 13.5 22.61 23.72 9.78 0.0 7.54 18.14 16.6 20.89 12.3 22.81 12.3 6.45 15.91 4.37 22.55 23.72 7.54 0.0 10.82 6.0 14.33 13.5 22.81 15.82 15.82 0.0 22.61 3.75 12.3 4.37 6.0 6.45 11.86 7.54 23.72 15.82 3.75 6.45 6.45 14.33 7.54 14.33 3.75 6.45 22.61 22.55 12.41 10.82 12.41 11.86 22.61 12.3 16.6 22.61 18.14 9.03 15.82 9.78 6.45 6.0 9.03 3.75 0.0 23.72 9.15 6.45 9.03 6.45 22.55 2.37 15.91 4.37 6.0 6.45 6.45 0.0 15.91 16.6 15.82 16.6 12.41 11.86 14.33 23.72 7.54 6.45 7.12 16.6 3.75 6.0 15.82 9.15 14.33 22.61 7.12 9.03 22.55 13.5 4.5 2.37 13.5 7.54 9.78 13.5 6.0 3.75 16.6 22.81 23.72 22.55 7.12 15.91 14.33 12.41 7.12 15.91 4.37 18.14 15.91 9.15 9.78 12.41 0.0 6.45 14.33 12.3 4.5 7.54 14.33 13.5 11.86 12.41 9.78 4.5 9.78 6.45 9.78 12.3 2.37 22.81 12.41 14.33 15.91 11.86 12.41 23.72 6.0 3.75 16.6 23.72 2.37 12.41 22.61 6.45 23.72 22.81 7.12 2.37 12.41
13.83 16.57 10.45 4.56 2.25 9.55 6.45 16.57 4.37 0.0 10.45 9.78 8.55 18.12 2.25 13.58 14.89 8.55 11.72 4.04 14.89 11.72 19.97 16.57 10.45 10.82 5.46 9.75 10.45 13.58 4.04 17.32 4.04 5.3 14.89 9.78 18.12 16.57 5.46 10.82 0.0 9.0 4.56 11.72 17.32 12.3 12.3 10.82 19.97 7.39 4.04 9.78 9.0 4.37 4.37 5.46 16.57 12.3 7.39 5.3 4.37 4.56 5.46 4.56 7.39 4.37 19.97 18.12 6.45 0.0 6.45 4.37 19.97 4.04 10.45 19.97 9.75 2.25 12.3 10.45 5.3 9.0 2.25 7.39 10.82 16.57 4.04 5.3 2.25 5.3 18.12 9.55 14.89 9.78 9.0 4.37 4.37 10.82 14.89 10.45 12.3 10.45 6.45 4.37 4.56 16.57 5.46 5.3 8.55 10.45 7.39 9.0 12.3 4.04 4.56 19.97 8.55 2.25 18.12 11.72 13.83 9.55 11.72 5.46 10.45 11.72 9.0 7.39 10.45 17.32 16.57 18.12 8.55 14.89 4.56 6.45 8.55 14.89 9.78 9.75 14.89 4.04 10.45 6.45 10.82 5.3 4.56 4.04 13.83 5.46 4.56 11.72 4.37 6.45 10.45 13.83 10.45 5.3 10.45 4.04 9.55 17.32 6.45 4.56 14.89 4.37 6.45 16.57 9.0 7.39 10.45 16.57 9.55 6.45 19.97 5.3 16.57 17.32 8.55 9.55 6.45
