0.0 10.5 15.77 12.48 4.37 28.02 15.77 4.5 9.15 14.27 16.1 16.1 17.89 7.12 27.04 4.5 16.1 20.92 9.78 10.5 25.14
10.5 0.0 7.72 6.75 9.06 18.12 7.72 6.0 9.15 3.82 8.39 8.39 10.74 10.66 16.57 6.0 8.39 11.07 5.71 0.0 15.44
15.77 7.72 0.0 3.75 12.37 12.77 0.0 11.86 9.03 7.5 0.75 0.75 3.09 12.0 13.79 11.86 0.75 6.18 6.18 7.72 9.78
12.48 6.75 3.75 0.0 8.78 16.52 3.75 9.03 5.3 8.39 3.82 3.82 5.41 8.25 17.32 9.03 3.82 9.86 2.7 6.75 13.52
4.37 9.06 12.37 8.78 0.0 25.03 12.37 4.37 4.8 12.82 12.57 12.57 14.09 3.0 24.85 4.37 12.57 18.06 6.18 9.06 22.07
28.02 18.12 12.77 16.52 25.03 0.0 12.77 23.72 21.75 15.19 12.75 12.75 12.21 24.76 6.0 23.72 12.75 7.12 18.88 18.12 3.0
15.77 7.72 0.0 3.75 12.37 12.77 0.0 11.86 9.03 7.5 0.75 0.75 3.09 12.0 13.79 11.86 0.75 6.18 6.18 7.72 9.78
4.5 6.0 11.86 9.03 4.37 23.72 11.86 0.0 7.54 9.78 12.3 12.3 14.33 7.12 22.55 0.0 12.3 16.6 6.45 6.0 20.89
9.15 9.15 9.03 5.3 4.8 21.75 9.03 7.54 0.0 12.21 9.0 9.0 10.01 3.09 22.56 7.54 9.0 15.17 3.75 9.15 18.75
14.27 3.82 7.5 8.39 12.82 15.19 7.5 9.78 12.21 0.0 8.25 8.25 10.53 14.15 12.95 9.78 8.25 8.49 8.49 3.82 12.77
16.1 8.39 0.75 3.82 12.57 12.75 0.75 12.3 9.0 8.25 0.0 0.0 2.37 12.02 14.09 12.3 0.0 6.41 6.41 8.39 9.75
16.1 8.39 0.75 3.82 12.57 12.75 0.75 12.3 9.0 8.25 0.0 0.0 2.37 12.02 14.09 12.3 0.0 6.41 6.41 8.39 9.75
17.89 10.74 3.09 5.41 14.09 12.21 3.09 14.33 10.01 10.53 2.37 2.37 0.0 13.1 14.56 14.33 2.37 6.91 8.11 10.74 9.28
7.12 10.66 12.0 8.25 3.0 24.76 12.0 7.12 3.09 14.15 12.02 12.02 13.1 0.0 25.3 7.12 12.02 18.06 6.18 10.66 21.76
27.04 16.57 13.79 17.32 24.85 6.0 13.79 22.55 22.56 12.95 14.09 14.09 14.56 25.3 0.0 22.55 14.09 7.72 19.12 16.57 6.71
4.5 6.0 11.86 9.03 4.37 23.72 11.86 0.0 7.54 9.78 12.3 12.3 14.33 7.12 22.55 0.0 12.3 16.6 6.45 6.0 20.89
16.1 8.39 0.75 3.82 12.57 12.75 0.75 12.3 9.0 8.25 0.0 0.0 2.37 12.02 14.09 12.3 0.0 6.41 6.41 8.39 9.75
20.92 11.07 6.18 9.86 18.06 7.12 6.18 16.6 15.17 8.49 6.41 6.41 6.91 18.06 7.72 16.6 6.41 0.0 12.0 11.07 4.37
9.78 5.71 6.18 2.7 6.18 18.88 6.18 6.45 3.75 8.49 6.41 6.41 8.11 6.18 19.12 6.45 6.41 12.0 0.0 5.71 15.91
10.5 0.0 7.72 6.75 9.06 18.12 7.72 6.0 9.15 3.82 8.39 8.39 10.74 10.66 16.57 6.0 8.39 11.07 5.71 0.0 15.44
25.14 15.44 9.78 13.52 22.07 3.0 9.78 20.89 18.75 12.77 9.75 9.75 9.28 21.76 6.71 20.89 9.75 4.37 15.91 15.44 0.0
