0.0 27.26 4.5 4.5 4.37 10.45 16.1 27.04 27.04 22.16 27.26 9.78 27.26 18.0 18.0 15.77 25.14 4.5 27.04 9.15 16.1 27.26 7.12 9.15 20.31 20.92 20.31 10.5 27.09 7.12 13.1 13.83 12.48 18.0 16.1 22.16 7.83 9.78 27.26 9.78 27.04 10.5 18.0 14.27 16.1 9.78 7.83 22.16 9.15 7.12 9.78 25.14 12.48 9.15 10.45 10.5 20.37 20.31 27.26 12.48 7.83 13.83 20.31 0.0 18.0 17.89 9.78 20.31 16.1 20.92 7.83 9.15 27.04 20.31 0.0 9.15 20.31 28.02 15.77 9.15 20.37 4.37 17.89 12.48 4.37 27.09 17.89 25.14 9.15 10.5 14.27 7.12 27.26 27.09 10.5 20.92 18.0 20.37 10.5 25.14 10.5 22.16 4.37 13.83 4.5 16.1 9.15 7.83 4.37 10.45 15.77 4.37 27.09 27.09 20.37 0.0 4.5 17.89 20.37 9.78 12.48 17.89 14.27 9.78 7.83 9.15 9.15 25.14 16.6 7.83 4.37 18.0 7.83 27.09 27.04 4.5 20.31 27.09 17.89 7.83 27.26 27.04 17.89 13.83 9.15 15.77 7.12 0.0 20.92 20.37 16.1 7.83 7.83 25.14 22.16 13.83 25.14 16.1 9.15 25.14 13.1 27.04 4.37 14.27 4.37 4.37 0.0 10.5 22.16 27.04 14.27 16.6 28.02 4.37 27.26 20.37 7.12 25.14 7.12 14.27 16.1 17.89 0.0 9.78 7.12 4.37 25.14 10.45 4.37 27.09 27.09 16.6 12.48 7.12 13.83 27.04 27.09 22.16 7.12 4.37 27.09
27.26 0.0 22.81 22.81 23.3 17.25 13.29 2.25 2.25 8.55 0.0 18.81 0.0 9.75 9.75 13.1 4.8 22.81 2.25 22.07 13.29 0.0 24.93 22.07 7.12 6.91 7.12 16.92 6.0 24.93 15.07 17.32 16.77 9.75 13.29 8.55 19.56 18.81 0.0 18.81 2.25 16.92 9.75 13.52 13.29 18.81 19.56 8.55 22.07 24.93 18.81 4.8 16.77 22.07 17.25 16.92 9.03 7.12 0.0 16.77 19.56 17.32 7.12 27.26 9.75 13.42 18.81 7.12 13.29 6.91 19.56 22.07 2.25 7.12 27.26 22.07 7.12 3.75 13.1 22.07 9.03 23.3 13.42 16.77 24.75 6.0 13.42 4.8 22.07 16.92 13.52 24.93 0.0 6.0 16.92 6.91 9.75 9.03 16.92 4.8 16.92 8.55 24.75 17.32 22.81 13.29 22.07 19.56 23.3 17.25 13.1 24.75 6.0 6.0 9.03 27.26 22.81 13.42 9.03 18.81 16.77 13.42 13.52 18.81 19.56 22.07 22.07 4.8 11.35 19.56 24.75 9.75 19.56 6.0 2.25 22.81 7.12 6.0 13.42 19.56 0.0 2.25 13.42 17.32 22.07 13.1 24.93 27.26 6.91 9.03 13.29 19.56 19.56 4.8 8.55 17.32 4.8 13.29 22.07 4.8 15.07 2.25 24.75 13.52 23.3 23.3 27.26 16.92 8.55 2.25 13.52 11.35 3.75 23.3 0.0 9.03 24.93 4.8 24.93 13.52 13.29 13.42 27.26 18.81 24.93 23.3 4.8 17.25 24.75 6.0 6.0 11.35 16.77 24.93 17.32 2.25 6.0 8.55 24.93 24.75 6.0
4.5 22.81 0.0 0.0 2.37 6.45 12.3 22.55 22.55 18.14 22.81 6.45 22.81 13.5 13.5 11.86 20.89 0.0 22.55 7.54 12.3 22.81 7.12 7.54 15.82 16.6 15.82 6.0 22.61 7.12 9.15 10.82 9.03 13.5 12.3 18.14 3.75 6.45 22.81 6.45 22.55 6.0 13.5 9.78 12.3 6.45 3.75 18.14 7.54 7.12 6.45 20.89 9.03 7.54 6.45 6.0 15.91 15.82 22.81 9.03 3.75 10.82 15.82 4.5 13.5 14.33 6.45 15.82 12.3 16.6 3.75 7.54 22.55 15.82 4.5 7.54 15.82 23.72 11.86 7.54 15.91 2.37 14.33 9.03 4.37 22.61 14.33 20.89 7.54 6.0 9.78 7.12 22.81 22.61 6.0 16.6 13.5 15.91 6.0 20.89 6.0 18.14 4.37 10.82 0.0 12.3 7.54 3.75 2.37 6.45 11.86 4.37 22.61 22.61 15.91 4.5 0.0 14.33 15.91 6.45 9.03 14.33 9.78 6.45 3.75 7.54 7.54 20.89 12.41 3.75 4.37 13.5 3.75 22.61 22.55 0.0 15.82 22.61 14.33 3.75 22.81 22.55 14.33 10.82 7.54 11.86 7.12 4.5 16.6 15.91 12.3 3.75 3.75 20.89 18.14 10.82 20.89 12.3 7.54 20.89 9.15 22.55 4.37 9.78 2.37 2.37 4.5 6.0 18.14 22.55 9.78 12.41 23.72 2.37 22.81 15.91 7.12 20.89 7.12 9.78 12.3 14.33 4.5 6.45 7.12 2.37 20.89 6.45 4.37 22.61 22.61 12.41 9.03 7.12 10.82 22.55 22.61 18.14 7.12 4.37 22.61
4.5 22.81 0.0 0.0 2.37 6.45 12.3 22.55 22.55 18.14 22.81 6.45 22.81 13.5 13.5 11.86 20.89 0.0 22.55 7.54 12.3 22.81 7.12 7.54 15.82 16.6 15.82 6.0 22.61 7.12 9.15 10.82 9.03 13.5 12.3 18.14 3.75 6.45 22.81 6.45 22.55 6.0 13.5 9.78 12.3 6.45 3.75 18.14 7.54 7.12 6.45 20.89 9.03 7.54 6.45 6.0 15.91 15.82 22.81 9.03 3.75 10.82 15.82 4.5 13.5 14.33 6.45 15.82 12.3 16.6 3.75 7.54 22.55 15.82 4.5 7.54 15.82 23.72 11.86 7.54 15.91 2.37 14.33 9.03 4.37 22.61 14.33 20.89 7.54 6.0 9.78 7.12 22.81 22.61 6.0 16.6 13.5 15.91 6.0 20.89 6.0 18.14 4.37 10.82 0.0 12.3 7.54 3.75 2.37 6.45 11.86 4.37 22.61 22.61 15.91 4.5 0.0 14.33 15.91 6.45 9.03 14.33 9.78 6.45 3.75 7.54 7.54 20.89 12.41 3.75 4.37 13.5 3.75 22.61 22.55 0.0 15.82 22.61 14.33 3.75 22.81 22.55 14.33 10.82 7.54 11.86 7.12 4.5 16.6 15.91 12.3 3.75 3.75 20.89 18.14 10.82 20.89 12.3 7.54 20.89 9.15 22.55 4.37 9.78 2.37 2.37 4.5 6.0 18.14 22.55 9.78 12.41 23.72 2.37 22.81 15.91 7.12 20.89 7.12 9.78 12.3 14.33 4.5 6.45 7.12 2.37 20.89 6.45 4.37 22.61 22.61 12.41 9.03 7.12 10.82 22.55 22.61 18.14 7.12 4.37 22.61
4.37 23.3 2.37 2.37 0.0 6.18 11.74 23.26 23.26 17.83 23.3 5.41 23.3 14.43 14.43 11.42 20.92 2.37 23.26 5.46 11.74 23.3 4.74 5.46 16.52 16.77 16.52 7.12 23.68 4.74 8.78 9.55 8.11 14.43 11.74 17.83 3.75 5.41 23.3 5.41 23.26 7.12 14.43 10.92 11.74 5.41 3.75 17.83 5.46 4.74 5.41 20.92 8.11 5.46 6.18 7.12 17.1 16.52 23.3 8.11 3.75 9.55 16.52 4.37 14.43 13.52 5.41 16.52 11.74 16.77 3.75 5.46 23.26 16.52 4.37 5.46 16.52 23.84 11.42 5.46 17.1 0.0 13.52 8.11 2.12 23.68 13.52 20.92 5.46 7.12 10.92 4.74 23.3 23.68 7.12 16.77 14.43 17.1 7.12 20.92 7.12 17.83 2.12 9.55 2.37 11.74 5.46 3.75 0.0 6.18 11.42 2.12 23.68 23.68 17.1 4.37 2.37 13.52 17.1 5.41 8.11 13.52 10.92 5.41 3.75 5.46 5.46 20.92 12.37 3.75 2.12 14.43 3.75 23.68 23.26 2.37 16.52 23.68 13.52 3.75 23.3 23.26 13.52 9.55 5.46 11.42 4.74 4.37 16.77 17.1 11.74 3.75 3.75 20.92 17.83 9.55 20.92 11.74 5.46 20.92 8.78 23.26 2.12 10.92 0.0 0.0 4.37 7.12 17.83 23.26 10.92 12.37 23.84 0.0 23.3 17.1 4.74 20.92 4.74 10.92 11.74 13.52 4.37 5.41 4.74 0.0 20.92 6.18 2.12 23.68 23.68 12.37 8.11 4.74 9.55 23.26 23.68 17.83 4.74 2.12 23.68
10.45 17.25 6.45 6.45 6.18 0.0 5.86 17.4 17.4 11.74 17.25 2.12 17.25 9.06 9.06 5.41 14.74 6.45 17.4 5.86 5.86 17.25 8.08 5.86 10.74 10.61 10.74 3.82 18.26 8.08 2.7 5.3 3.09 9.06 5.86 11.74 2.7 2.12 17.25 2.12 17.4 3.82 9.06 6.36 5.86 2.12 2.7 11.74 5.86 8.08 2.12 14.74 3.09 5.86 0.0 3.82 12.09 10.74 17.25 3.09 2.7 5.3 10.74 10.45 9.06 7.97 2.12 10.74 5.86 10.61 2.7 5.86 17.4 10.74 10.45 5.86 10.74 17.65 5.41 5.86 12.09 6.18 7.97 3.09 7.5 18.26 7.97 14.74 5.86 3.82 6.36 8.08 17.25 18.26 3.82 10.61 9.06 12.09 3.82 14.74 3.82 11.74 7.5 5.3 6.45 5.86 5.86 2.7 6.18 0.0 5.41 7.5 18.26 18.26 12.09 10.45 6.45 7.97 12.09 2.12 3.09 7.97 6.36 2.12 2.7 5.86 5.86 14.74 6.18 2.7 7.5 9.06 2.7 18.26 17.4 6.45 10.74 18.26 7.97 2.7 17.25 17.4 7.97 5.3 5.86 5.41 8.08 10.45 10.61 12.09 5.86 2.7 2.7 14.74 11.74 5.3 14.74 5.86 5.86 14.74 2.7 17.4 7.5 6.36 6.18 6.18 10.45 3.82 11.74 17.4 6.36 6.18 17.65 6.18 17.25 12.09 8.08 14.74 8.08 6.36 5.86 7.97 10.45 2.12 8.08 6.18 14.74 0.0 7.5 18.26 18.26 6.18 3.09 8.08 5.3 17.4 18.26 11.74 8.08 7.5 18.26
16.1 13.29 12.3 12.3 11.74 5.86 0.0 14.09 14.09 6.18 13.29 6.41 13.29 8.39 8.39 0.75 9.75 12.3 14.09 9.0 0.0 13.29 12.02 9.0 8.49 6.41 8.49 8.39 16.05 12.02 3.18 4.04 3.82 8.39 0.0 6.18 8.55 6.41 13.29 6.41 14.09 8.39 8.39 8.25 0.0 6.41 8.55 6.18 9.0 12.02 6.41 9.75 3.82 9.0 5.86 8.39 11.45 8.49 13.29 3.82 8.55 4.04 8.49 16.1 8.39 2.37 6.41 8.49 0.0 6.41 8.55 9.0 14.09 8.49 16.1 9.0 8.49 12.75 0.75 9.0 11.45 11.74 2.37 3.82 12.57 16.05 2.37 9.75 9.0 8.39 8.25 12.02 13.29 16.05 8.39 6.41 8.39 11.45 8.39 9.75 8.39 6.18 12.57 4.04 12.3 0.0 9.0 8.55 11.74 5.86 0.75 12.57 16.05 16.05 11.45 16.1 12.3 2.37 11.45 6.41 3.82 2.37 8.25 6.41 8.55 9.0 9.0 9.75 2.7 8.55 12.57 8.39 8.55 16.05 14.09 12.3 8.49 16.05 2.37 8.55 13.29 14.09 2.37 4.04 9.0 0.75 12.02 16.1 6.41 11.45 0.0 8.55 8.55 9.75 6.18 4.04 9.75 0.0 9.0 9.75 3.18 14.09 12.57 8.25 11.74 11.74 16.1 8.39 6.18 14.09 8.25 2.7 12.75 11.74 13.29 11.45 12.02 9.75 12.02 8.25 0.0 2.37 16.1 6.41 12.02 11.74 9.75 5.86 12.57 16.05 16.05 2.7 3.82 12.02 4.04 14.09 16.05 6.18 12.02 12.57 16.05
27.04 2.25 22.55 22.55 23.26 17.4 14.09 0.0 0.0 10.09 2.25 19.12 2.25 9.12 9.12 13.79 6.71 22.55 0.0 22.56 14.09 2.25 25.3 22.56 6.75 7.72 6.75 16.57 3.75 25.3 15.46 18.12 17.32 9.12 14.09 10.09 19.51 19.12 2.25 19.12 0.0 16.57 9.12 12.95 14.09 19.12 19.51 10.09 22.56 25.3 19.12 6.71 17.32 22.56 17.4 16.57 7.72 6.75 2.25 17.32 19.51 18.12 6.75 27.04 9.12 14.56 19.12 6.75 14.09 7.72 19.51 22.56 0.0 6.75 27.04 22.56 6.75 6.0 13.79 22.56 7.72 23.26 14.56 17.32 24.85 3.75 14.56 6.71 22.56 16.57 12.95 25.3 2.25 3.75 16.57 7.72 9.12 7.72 16.57 6.71 16.57 10.09 24.85 18.12 22.55 14.09 22.56 19.51 23.26 17.4 13.79 24.85 3.75 3.75 7.72 27.04 22.55 14.56 7.72 19.12 17.32 14.56 12.95 19.12 19.51 22.56 22.56 6.71 11.86 19.51 24.85 9.12 19.51 3.75 0.0 22.55 6.75 3.75 14.56 19.51 2.25 0.0 14.56 18.12 22.56 13.79 25.3 27.04 7.72 7.72 14.09 19.51 19.51 6.71 10.09 18.12 6.71 14.09 22.56 6.71 15.46 0.0 24.85 12.95 23.26 23.26 27.04 16.57 10.09 0.0 12.95 11.86 6.0 23.26 2.25 7.72 25.3 6.71 25.3 12.95 14.09 14.56 27.04 19.12 25.3 23.26 6.71 17.4 24.85 3.75 3.75 11.86 17.32 25.3 18.12 0.0 3.75 10.09 25.3 24.85 3.75
27.04 2.25 22.55 22.55 23.26 17.4 14.09 0.0 0.0 10.09 2.25 19.12 2.25 9.12 9.12 13.79 6.71 22.55 0.0 22.56 14.09 2.25 25.3 22.56 6.75 7.72 6.75 16.57 3.75 25.3 15.46 18.12 17.32 9.12 14.09 10.09 19.51 19.12 2.25 19.12 0.0 16.57 9.12 12.95 14.09 19.12 19.51 10.09 22.56 25.3 19.12 6.71 17.32 22.56 17.4 16.57 7.72 6.75 2.25 17.32 19.51 18.12 6.75 27.04 9.12 14.56 19.12 6.75 14.09 7.72 19.51 22.56 0.0 6.75 27.04 22.56 6.75 6.0 13.79 22.56 7.72 23.26 14.56 17.32 24.85 3.75 14.56 6.71 22.56 16.57 12.95 25.3 2.25 3.75 16.57 7.72 9.12 7.72 16.57 6.71 16.57 10.09 24.85 18.12 22.55 14.09 22.56 19.51 23.26 17.4 13.79 24.85 3.75 3.75 7.72 27.04 22.55 14.56 7.72 19.12 17.32 14.56 12.95 19.12 19.51 22.56 22.56 6.71 11.86 19.51 24.85 9.12 19.51 3.75 0.0 22.55 6.75 3.75 14.56 19.51 2.25 0.0 14.56 18.12 22.56 13.79 25.3 27.04 7.72 7.72 14.09 19.51 19.51 6.71 10.09 18.12 6.71 14.09 22.56 6.71 15.46 0.0 24.85 12.95 23.26 23.26 27.04 16.57 10.09 0.0 12.95 11.86 6.0 23.26 2.25 7.72 25.3 6.71 25.3 12.95 14.09 14.56 27.04 19.12 25.3 23.26 6.71 17.4 24.85 3.75 3.75 11.86 17.32 25.3 18.12 0.0 3.75 10.09 25.3 24.85 3.75
22.16 8.55 18.14 18.14 17.83 11.74 6.18 10.09 10.09 0.0 8.55 12.57 8.55 9.28 9.28 6.41 4.04 18.14 10.09 15.07 6.18 8.55 18.14 15.07 7.5 3.75 7.5 13.27 13.12 18.14 9.06 9.75 10.01 9.28 6.18 0.0 14.43 12.57 8.55 12.57 10.09 13.27 9.28 11.45 6.18 12.57 14.43 0.0 15.07 18.14 12.57 4.04 10.01 15.07 11.74 13.27 11.25 7.5 8.55 10.01 14.43 9.75 7.5 22.16 9.28 5.3 12.57 7.5 6.18 3.75 14.43 15.07 10.09 7.5 22.16 15.07 7.5 6.91 6.41 15.07 11.25 17.83 5.3 10.01 18.75 13.12 5.3 4.04 15.07 13.27 11.45 18.14 8.55 13.12 13.27 3.75 9.28 11.25 13.27 4.04 13.27 0.0 18.75 9.75 18.14 6.18 15.07 14.43 17.83 11.74 6.41 18.75 13.12 13.12 11.25 22.16 18.14 5.3 11.25 12.57 10.01 5.3 11.45 12.57 14.43 15.07 15.07 4.04 5.86 14.43 18.75 9.28 14.43 13.12 10.09 18.14 7.5 13.12 5.3 14.43 8.55 10.09 5.3 9.75 15.07 6.41 18.14 22.16 3.75 11.25 6.18 14.43 14.43 4.04 0.0 9.75 4.04 6.18 15.07 4.04 9.06 10.09 18.75 11.45 17.83 17.83 22.16 13.27 0.0 10.09 11.45 5.86 6.91 17.83 8.55 11.25 18.14 4.04 18.14 11.45 6.18 5.3 22.16 12.57 18.14 17.83 4.04 11.74 18.75 13.12 13.12 5.86 10.01 18.14 9.75 10.09 13.12 0.0 18.14 18.75 13.12
27.26 0.0 22.81 22.81 23.3 17.25 13.29 2.25 2.25 8.55 0.0 18.81 0.0 9.75 9.75 13.1 4.8 22.81 2.25 22.07 13.29 0.0 24.93 22.07 7.12 6.91 7.12 16.92 6.0 24.93 15.07 17.32 16.77 9.75 13.29 8.55 19.56 18.81 0.0 18.81 2.25 16.92 9.75 13.52 13.29 18.81 19.56 8.55 22.07 24.93 18.81 4.8 16.77 22.07 17.25 16.92 9.03 7.12 0.0 16.77 19.56 17.32 7.12 27.26 9.75 13.42 18.81 7.12 13.29 6.91 19.56 22.07 2.25 7.12 27.26 22.07 7.12 3.75 13.1 22.07 9.03 23.3 13.42 16.77 24.75 6.0 13.42 4.8 22.07 16.92 13.52 24.93 0.0 6.0 16.92 6.91 9.75 9.03 16.92 4.8 16.92 8.55 24.75 17.32 22.81 13.29 22.07 19.56 23.3 17.25 13.1 24.75 6.0 6.0 9.03 27.26 22.81 13.42 9.03 18.81 16.77 13.42 13.52 18.81 19.56 22.07 22.07 4.8 11.35 19.56 24.75 9.75 19.56 6.0 2.25 22.81 7.12 6.0 13.42 19.56 0.0 2.25 13.42 17.32 22.07 13.1 24.93 27.26 6.91 9.03 13.29 19.56 19.56 4.8 8.55 17.32 4.8 13.29 22.07 4.8 15.07 2.25 24.75 13.52 23.3 23.3 27.26 16.92 8.55 2.25 13.52 11.35 3.75 23.3 0.0 9.03 24.93 4.8 24.93 13.52 13.29 13.42 27.26 18.81 24.93 23.3 4.8 17.25 24.75 6.0 6.0 11.35 16.77 24.93 17.32 2.25 6.0 8.55 24.93 24.75 6.0
9.78 18.81 6.45 6.45 5.41 2.12 6.41 19.12 19.12 12.57 18.81 0.0 18.81 11.07 11.07 6.18 15.91 6.45 19.12 3.75 6.41 18.81 6.18 3.75 12.57 12.0 12.57 5.71 20.19 6.18 3.75 4.37 2.7 11.07 6.41 12.57 3.09 0.0 18.81 0.0 19.12 5.71 11.07 8.49 6.41 0.0 3.09 12.57 3.75 6.18 0.0 15.91 2.7 3.75 2.12 5.71 14.15 12.57 18.81 2.7 3.09 4.37 12.57 9.78 11.07 8.11 0.0 12.57 6.41 12.0 3.09 3.75 19.12 12.57 9.78 3.75 12.57 18.88 6.18 3.75 14.15 5.41 8.11 2.7 6.18 20.19 8.11 15.91 3.75 5.71 8.49 6.18 18.81 20.19 5.71 12.0 11.07 14.15 5.71 15.91 5.71 12.57 6.18 4.37 6.45 6.41 3.75 3.09 5.41 2.12 6.18 6.18 20.19 20.19 14.15 9.78 6.45 8.11 14.15 0.0 2.7 8.11 8.49 0.0 3.09 3.75 3.75 15.91 7.5 3.09 6.18 11.07 3.09 20.19 19.12 6.45 12.57 20.19 8.11 3.09 18.81 19.12 8.11 4.37 3.75 6.18 6.18 9.78 12.0 14.15 6.41 3.09 3.09 15.91 12.57 4.37 15.91 6.41 3.75 15.91 3.75 19.12 6.18 8.49 5.41 5.41 9.78 5.71 12.57 19.12 8.49 7.5 18.88 5.41 18.81 14.15 6.18 15.91 6.18 8.49 6.41 8.11 9.78 0.0 6.18 5.41 15.91 2.12 6.18 20.19 20.19 7.5 2.7 6.18 4.37 19.12 20.19 12.57 6.18 6.18 20.19
27.26 0.0 22.81 22.81 23.3 17.25 13.29 2.25 2.25 8.55 0.0 18.81 0.0 9.75 9.75 13.1 4.8 22.81 2.25 22.07 13.29 0.0 24.93 22.07 7.12 6.91 7.12 16.92 6.0 24.93 15.07 17.32 16.77 9.75 13.29 8.55 19.56 18.81 0.0 18.81 2.25 16.92 9.75 13.52 13.29 18.81 19.56 8.55 22.07 24.93 18.81 4.8 16.77 22.07 17.25 16.92 9.03 7.12 0.0 16.77 19.56 17.32 7.12 27.26 9.75 13.42 18.81 7.12 13.29 6.91 19.56 22.07 2.25 7.12 27.26 22.07 7.12 3.75 13.1 22.07 9.03 23.3 13.42 16.77 24.75 6.0 13.42 4.8 22.07 16.92 13.52 24.93 0.0 6.0 16.92 6.91 9.75 9.03 16.92 4.8 16.92 8.55 24.75 17.32 22.81 13.29 22.07 19.56 23.3 17.25 13.1 24.75 6.0 6.0 9.03 27.26 22.81 13.42 9.03 18.81 16.77 13.42 13.52 18.81 19.56 22.07 22.07 4.8 11.35 19.56 24.75 9.75 19.56 6.0 2.25 22.81 7.12 6.0 13.42 19.56 0.0 2.25 13.42 17.32 22.07 13.1 24.93 27.26 6.91 9.03 13.29 19.56 19.56 4.8 8.55 17.32 4.8 13.29 22.07 4.8 15.07 2.25 24.75 13.52 23.3 23.3 27.26 16.92 8.55 2.25 13.52 11.35 3.75 23.3 0.0 9.03 24.93 4.8 24.93 13.52 13.29 13.42 27.26 18.81 24.93 23.3 4.8 17.25 24.75 6.0 6.0 11.35 16.77 24.93 17.32 2.25 6.0 8.55 24.93 24.75 6.0
18.0 9.75 13.5 13.5 14.43 9.06 8.39 9.12 9.12 9.28 9.75 11.07 9.75 0.0 0.0 7.72 9.6 13.5 9.12 14.79 8.39 9.75 17.14 14.79 2.7 5.71 2.7 7.5 9.28 17.14 7.97 11.72 10.09 0.0 8.39 9.28 10.74 11.07 9.75 11.07 9.12 7.5 0.0 3.82 8.39 11.07 10.74 9.28 14.79 17.14 11.07 9.6 10.09 14.79 9.06 7.5 3.18 2.7 9.75 10.09 10.74 11.72 2.7 18.0 0.0 10.2 11.07 2.7 8.39 5.71 10.74 14.79 9.12 2.7 18.0 14.79 2.7 11.72 7.72 14.79 3.18 14.43 10.2 10.09 16.19 9.28 10.2 9.6 14.79 7.5 3.82 17.14 9.75 9.28 7.5 5.71 0.0 3.18 7.5 9.6 7.5 9.28 16.19 11.72 13.5 8.39 14.79 10.74 14.43 9.06 7.72 16.19 9.28 9.28 3.18 18.0 13.5 10.2 3.18 11.07 10.09 10.2 3.82 11.07 10.74 14.79 14.79 9.6 5.71 10.74 16.19 0.0 10.74 9.28 9.12 13.5 2.7 9.28 10.2 10.74 9.75 9.12 10.2 11.72 14.79 7.72 17.14 18.0 5.71 3.18 8.39 10.74 10.74 9.6 9.28 11.72 9.6 8.39 14.79 9.6 7.97 9.12 16.19 3.82 14.43 14.43 18.0 7.5 9.28 9.12 3.82 5.71 11.72 14.43 9.75 3.18 17.14 9.6 17.14 3.82 8.39 10.2 18.0 11.07 17.14 14.43 9.6 9.06 16.19 9.28 9.28 5.71 10.09 17.14 11.72 9.12 9.28 9.28 17.14 16.19 9.28
18.0 9.75 13.5 13.5 14.43 9.06 8.39 9.12 9.12 9.28 9.75 11.07 9.75 0.0 0.0 7.72 9.6 13.5 9.12 14.79 8.39 9.75 17.14 14.79 2.7 5.71 2.7 7.5 9.28 17.14 7.97 11.72 10.09 0.0 8.39 9.28 10.74 11.07 9.75 11.07 9.12 7.5 0.0 3.82 8.39 11.07 10.74 9.28 14.79 17.14 11.07 9.6 10.09 14.79 9.06 7.5 3.18 2.7 9.75 10.09 10.74 11.72 2.7 18.0 0.0 10.2 11.07 2.7 8.39 5.71 10.74 14.79 9.12 2.7 18.0 14.79 2.7 11.72 7.72 14.79 3.18 14.43 10.2 10.09 16.19 9.28 10.2 9.6 14.79 7.5 3.82 17.14 9.75 9.28 7.5 5.71 0.0 3.18 7.5 9.6 7.5 9.28 16.19 11.72 13.5 8.39 14.79 10.74 14.43 9.06 7.72 16.19 9.28 9.28 3.18 18.0 13.5 10.2 3.18 11.07 10.09 10.2 3.82 11.07 10.74 14.79 14.79 9.6 5.71 10.74 16.19 0.0 10.74 9.28 9.12 13.5 2.7 9.28 10.2 10.74 9.75 9.12 10.2 11.72 14.79 7.72 17.14 18.0 5.71 3.18 8.39 10.74 10.74 9.6 9.28 11.72 9.6 8.39 14.79 9.6 7.97 9.12 16.19 3.82 14.43 14.43 18.0 7.5 9.28 9.12 3.82 5.71 11.72 14.43 9.75 3.18 17.14 9.6 17.14 3.82 8.39 10.2 18.0 11.07 17.14 14.43 9.6 9.06 16.19 9.28 9.28 5.71 10.09 17.14 11.72 9.12 9.28 9.28 17.14 16.19 9.28
15.77 13.1 11.86 11.86 11.42 5.41 0.75 13.79 13.79 6.41 13.1 6.18 13.1 7.72 7.72 0.0 9.78 11.86 13.79 9.03 0.75 13.1 12.0 9.03 7.97 6.18 7.97 7.72 15.61 12.0 2.7 4.37 3.75 7.72 0.75 6.41 8.11 6.18 13.1 6.18 13.79 7.72 7.72 7.5 0.75 6.18 8.11 6.41 9.03 12.0 6.18 9.78 3.75 9.03 5.41 7.72 10.82 7.97 13.1 3.75 8.11 4.37 7.97 15.77 7.72 3.09 6.18 7.97 0.75 6.18 8.11 9.03 13.79 7.97 15.77 9.03 7.97 12.77 0.0 9.03 10.82 11.42 3.09 3.75 12.37 15.61 3.09 9.78 9.03 7.72 7.5 12.0 13.1 15.61 7.72 6.18 7.72 10.82 7.72 9.78 7.72 6.41 12.37 4.37 11.86 0.75 9.03 8.11 11.42 5.41 0.0 12.37 15.61 15.61 10.82 15.77 11.86 3.09 10.82 6.18 3.75 3.09 7.5 6.18 8.11 9.03 9.03 9.78 2.12 8.11 12.37 7.72 8.11 15.61 13.79 11.86 7.97 15.61 3.09 8.11 13.1 13.79 3.09 4.37 9.03 0.0 12.0 15.77 6.18 10.82 0.75 8.11 8.11 9.78 6.41 4.37 9.78 0.75 9.03 9.78 2.7 13.79 12.37 7.5 11.42 11.42 15.77 7.72 6.41 13.79 7.5 2.12 12.77 11.42 13.1 10.82 12.0 9.78 12.0 7.5 0.75 3.09 15.77 6.18 12.0 11.42 9.78 5.41 12.37 15.61 15.61 2.12 3.75 12.0 4.37 13.79 15.61 6.41 12.0 12.37 15.61
25.14 4.8 20.89 20.89 20.92 14.74 9.75 6.71 6.71 4.04 4.8 15.91 4.8 9.6 9.6 9.78 0.0 20.89 6.71 18.75 9.75 4.8 21.76 18.75 7.08 4.37 7.08 15.44 10.2 21.76 12.21 13.58 13.52 9.6 9.75 4.04 17.32 15.91 4.8 15.91 6.71 15.44 9.6 12.77 9.75 15.91 17.32 4.04 18.75 21.76 15.91 0.0 13.52 18.75 14.74 15.44 10.45 7.08 4.8 13.52 17.32 13.58 7.08 25.14 9.6 9.28 15.91 7.08 9.75 4.37 17.32 18.75 6.71 7.08 25.14 18.75 7.08 3.0 9.78 18.75 10.45 20.92 9.28 13.52 22.07 10.2 9.28 0.0 18.75 15.44 12.77 21.76 4.8 10.2 15.44 4.37 9.6 10.45 15.44 0.0 15.44 4.04 22.07 13.58 20.89 9.75 18.75 17.32 20.92 14.74 9.78 22.07 10.2 10.2 10.45 25.14 20.89 9.28 10.45 15.91 13.52 9.28 12.77 15.91 17.32 18.75 18.75 0.0 8.55 17.32 22.07 9.6 17.32 10.2 6.71 20.89 7.08 10.2 9.28 17.32 4.8 6.71 9.28 13.58 18.75 9.78 21.76 25.14 4.37 10.45 9.75 17.32 17.32 0.0 4.04 13.58 0.0 9.75 18.75 0.0 12.21 6.71 22.07 12.77 20.92 20.92 25.14 15.44 4.04 6.71 12.77 8.55 3.0 20.92 4.8 10.45 21.76 0.0 21.76 12.77 9.75 9.28 25.14 15.91 21.76 20.92 0.0 14.74 22.07 10.2 10.2 8.55 13.52 21.76 13.58 6.71 10.2 4.04 21.76 22.07 10.2
4.5 22.81 0.0 0.0 2.37 6.45 12.3 22.55 22.55 18.14 22.81 6.45 22.81 13.5 13.5 11.86 20.89 0.0 22.55 7.54 12.3 22.81 7.12 7.54 15.82 16.6 15.82 6.0 22.61 7.12 9.15 10.82 9.03 13.5 12.3 18.14 3.75 6.45 22.81 6.45 22.55 6.0 13.5 9.78 12.3 6.45 3.75 18.14 7.54 7.12 6.45 20.89 9.03 7.54 6.45 6.0 15.91 15.82 22.81 9.03 3.75 10.82 15.82 4.5 13.5 14.33 6.45 15.82 12.3 16.6 3.75 7.54 22.55 15.82 4.5 7.54 15.82 23.72 11.86 7.54 15.91 2.37 14.33 9.03 4.37 22.61 14.33 20.89 7.54 6.0 9.78 7.12 22.81 22.61 6.0 16.6 13.5 15.91 6.0 20.89 6.0 18.14 4.37 10.82 0.0 12.3 7.54 3.75 2.37 6.45 11.86 4.37 22.61 22.61 15.91 4.5 0.0 14.33 15.91 6.45 9.03 14.33 9.78 6.45 3.75 7.54 7.54 20.89 12.41 3.75 4.37 13.5 3.75 22.61 22.55 0.0 15.82 22.61 14.33 3.75 22.81 22.55 14.33 10.82 7.54 11.86 7.12 4.5 16.6 15.91 12.3 3.75 3.75 20.89 18.14 10.82 20.89 12.3 7.54 20.89 9.15 22.55 4.37 9.78 2.37 2.37 4.5 6.0 18.14 22.55 9.78 12.41 23.72 2.37 22.81 15.91 7.12 20.89 7.12 9.78 12.3 14.33 4.5 6.45 7.12 2.37 20.89 6.45 4.37 22.61 22.61 12.41 9.03 7.12 10.82 22.55 22.61 18.14 7.12 4.37 22.61
27.04 2.25 22.55 22.55 23.26 17.4 14.09 0.0 0.0 10.09 2.25 19.12 2.25 9.12 9.12 13.79 6.71 22.55 0.0 22.56 14.09 2.25 25.3 22.56 6.75 7.72 6.75 16.57 3.75 25.3 15.46 18.12 17.32 9.12 14.09 10.09 19.51 19.12 2.25 19.12 0.0 16.57 9.12 12.95 14.09 19.12 19.51 10.09 22.56 25.3 19.12 6.71 17.32 22.56 17.4 16.57 7.72 6.75 2.25 17.32 19.51 18.12 6.75 27.04 9.12 14.56 19.12 6.75 14.09 7.72 19.51 22.56 0.0 6.75 27.04 22.56 6.75 6.0 13.79 22.56 7.72 23.26 14.56 17.32 24.85 3.75 14.56 6.71 22.56 16.57 12.95 25.3 2.25 3.75 16.57 7.72 9.12 7.72 16.57 6.71 16.57 10.09 24.85 18.12 22.55 14.09 22.56 19.51 23.26 17.4 13.79 24.85 3.75 3.75 7.72 27.04 22.55 14.56 7.72 19.12 17.32 14.56 12.95 19.12 19.51 22.56 22.56 6.71 11.86 19.51 24.85 9.12 19.51 3.75 0.0 22.55 6.75 3.75 14.56 19.51 2.25 0.0 14.56 18.12 22.56 13.79 25.3 27.04 7.72 7.72 14.09 19.51 19.51 6.71 10.09 18.12 6.71 14.09 22.56 6.71 15.46 0.0 24.85 12.95 23.26 23.26 27.04 16.57 10.09 0.0 12.95 11.86 6.0 23.26 2.25 7.72 25.3 6.71 25.3 12.95 14.09 14.56 27.04 19.12 25.3 23.26 6.71 17.4 24.85 3.75 3.75 11.86 17.32 25.3 18.12 0.0 3.75 10.09 25.3 24.85 3.75
9.15 22.07 7.54 7.54 5.46 5.86 9.0 22.56 22.56 15.07 22.07 3.75 22.07 14.79 14.79 9.03 18.75 7.54 22.56 0.0 9.0 22.07 3.09 0.0 16.16 15.17 16.16 9.15 23.84 3.09 7.12 5.46 5.3 14.79 9.0 15.07 5.71 3.75 22.07 3.75 22.56 9.15 14.79 12.21 9.0 3.75 5.71 15.07 0.0 3.09 3.75 18.75 5.3 0.0 5.86 9.15 17.89 16.16 22.07 5.3 5.71 5.46 16.16 9.15 14.79 10.01 3.75 16.16 9.0 15.17 5.71 0.0 22.56 16.16 9.15 0.0 16.16 21.75 9.03 0.0 17.89 5.46 10.01 5.3 4.8 23.84 10.01 18.75 0.0 9.15 12.21 3.09 22.07 23.84 9.15 15.17 14.79 17.89 9.15 18.75 9.15 15.07 4.8 5.46 7.54 9.0 0.0 5.71 5.46 5.86 9.03 4.8 23.84 23.84 17.89 9.15 7.54 10.01 17.89 3.75 5.3 10.01 12.21 3.75 5.71 0.0 0.0 18.75 10.74 5.71 4.8 14.79 5.71 23.84 22.56 7.54 16.16 23.84 10.01 5.71 22.07 22.56 10.01 5.46 0.0 9.03 3.09 9.15 15.17 17.89 9.0 5.71 5.71 18.75 15.07 5.46 18.75 9.0 0.0 18.75 7.12 22.56 4.8 12.21 5.46 5.46 9.15 9.15 15.07 22.56 12.21 10.74 21.75 5.46 22.07 17.89 3.09 18.75 3.09 12.21 9.0 10.01 9.15 3.75 3.09 5.46 18.75 5.86 4.8 23.84 23.84 10.74 5.3 3.09 5.46 22.56 23.84 15.07 3.09 4.8 23.84
16.1 13.29 12.3 12.3 11.74 5.86 0.0 14.09 14.09 6.18 13.29 6.41 13.29 8.39 8.39 0.75 9.75 12.3 14.09 9.0 0.0 13.29 12.02 9.0 8.49 6.41 8.49 8.39 16.05 12.02 3.18 4.04 3.82 8.39 0.0 6.18 8.55 6.41 13.29 6.41 14.09 8.39 8.39 8.25 0.0 6.41 8.55 6.18 9.0 12.02 6.41 9.75 3.82 9.0 5.86 8.39 11.45 8.49 13.29 3.82 8.55 4.04 8.49 16.1 8.39 2.37 6.41 8.49 0.0 6.41 8.55 9.0 14.09 8.49 16.1 9.0 8.49 12.75 0.75 9.0 11.45 11.74 2.37 3.82 12.57 16.05 2.37 9.75 9.0 8.39 8.25 12.02 13.29 16.05 8.39 6.41 8.39 11.45 8.39 9.75 8.39 6.18 12.57 4.04 12.3 0.0 9.0 8.55 11.74 5.86 0.75 12.57 16.05 16.05 11.45 16.1 12.3 2.37 11.45 6.41 3.82 2.37 8.25 6.41 8.55 9.0 9.0 9.75 2.7 8.55 12.57 8.39 8.55 16.05 14.09 12.3 8.49 16.05 2.37 8.55 13.29 14.09 2.37 4.04 9.0 0.75 12.02 16.1 6.41 11.45 0.0 8.55 8.55 9.75 6.18 4.04 9.75 0.0 9.0 9.75 3.18 14.09 12.57 8.25 11.74 11.74 16.1 8.39 6.18 14.09 8.25 2.7 12.75 11.74 13.29 11.45 12.02 9.75 12.02 8.25 0.0 2.37 16.1 6.41 12.02 11.74 9.75 5.86 12.57 16.05 16.05 2.7 3.82 12.02 4.04 14.09 16.05 6.18 12.02 12.57 16.05
27.26 0.0 22.81 22.81 23.3 17.25 13.29 2.25 2.25 8.55 0.0 18.81 0.0 9.75 9.75 13.1 4.8 22.81 2.25 22.07 13.29 0.0 24.93 22.07 7.12 6.91 7.12 16.92 6.0 24.93 15.07 17.32 16.77 9.75 13.29 8.55 19.56 18.81 0.0 18.81 2.25 16.92 9.75 13.52 13.29 18.81 19.56 8.55 22.07 24.93 18.81 4.8 16.77 22.07 17.25 16.92 9.03 7.12 0.0 16.77 19.56 17.32 7.12 27.26 9.75 13.42 18.81 7.12 13.29 6.91 19.56 22.07 2.25 7.12 27.26 22.07 7.12 3.75 13.1 22.07 9.03 23.3 13.42 16.77 24.75 6.0 13.42 4.8 22.07 16.92 13.52 24.93 0.0 6.0 16.92 6.91 9.75 9.03 16.92 4.8 16.92 8.55 24.75 17.32 22.81 13.29 22.07 19.56 23.3 17.25 13.1 24.75 6.0 6.0 9.03 27.26 22.81 13.42 9.03 18.81 16.77 13.42 13.52 18.81 19.56 22.07 22.07 4.8 11.35 19.56 24.75 9.75 19.56 6.0 2.25 22.81 7.12 6.0 13.42 19.56 0.0 2.25 13.42 17.32 22.07 13.1 24.93 27.26 6.91 9.03 13.29 19.56 19.56 4.8 8.55 17.32 4.8 13.29 22.07 4.8 15.07 2.25 24.75 13.52 23.3 23.3 27.26 16.92 8.55 2.25 13.52 11.35 3.75 23.3 0.0 9.03 24.93 4.8 24.93 13.52 13.29 13.42 27.26 18.81 24.93 23.3 4.8 17.25 24.75 6.0 6.0 11.35 16.77 24.93 17.32 2.25 6.0 8.55 24.93 24.75 6.0
7.12 24.93 7.12 7.12 4.74 8.08 12.02 25.3 25.3 18.14 24.93 6.18 24.93 17.14 17.14 12.0 21.76 7.12 25.3 3.09 12.02 24.93 0.0 3.09 18.75 18.06 18.75 10.66 26.34 0.0 9.86 8.55 8.25 17.14 12.02 18.14 6.91 6.18 24.93 6.18 25.3 10.66 17.14 14.15 12.02 6.18 6.91 18.14 3.09 0.0 6.18 21.76 8.25 3.09 8.08 10.66 20.12 18.75 24.93 8.25 6.91 8.55 18.75 7.12 17.14 13.1 6.18 18.75 12.02 18.06 6.91 3.09 25.3 18.75 7.12 3.09 18.75 24.76 12.0 3.09 20.12 4.74 13.1 8.25 3.0 26.34 13.1 21.76 3.09 10.66 14.15 0.0 24.93 26.34 10.66 18.06 17.14 20.12 10.66 21.76 10.66 18.14 3.0 8.55 7.12 12.02 3.09 6.91 4.74 8.08 12.0 3.0 26.34 26.34 20.12 7.12 7.12 13.1 20.12 6.18 8.25 13.1 14.15 6.18 6.91 3.09 3.09 21.76 13.58 6.91 3.0 17.14 6.91 26.34 25.3 7.12 18.75 26.34 13.1 6.91 24.93 25.3 13.1 8.55 3.09 12.0 0.0 7.12 18.06 20.12 12.02 6.91 6.91 21.76 18.14 8.55 21.76 12.02 3.09 21.76 9.86 25.3 3.0 14.15 4.74 4.74 7.12 10.66 18.14 25.3 14.15 13.58 24.76 4.74 24.93 20.12 0.0 21.76 0.0 14.15 12.02 13.1 7.12 6.18 0.0 4.74 21.76 8.08 3.0 26.34 26.34 13.58 8.25 0.0 8.55 25.3 26.34 18.14 0.0 3.0 26.34
9.15 22.07 7.54 7.54 5.46 5.86 9.0 22.56 22.56 15.07 22.07 3.75 22.07 14.79 14.79 9.03 18.75 7.54 22.56 0.0 9.0 22.07 3.09 0.0 16.16 15.17 16.16 9.15 23.84 3.09 7.12 5.46 5.3 14.79 9.0 15.07 5.71 3.75 22.07 3.75 22.56 9.15 14.79 12.21 9.0 3.75 5.71 15.07 0.0 3.09 3.75 18.75 5.3 0.0 5.86 9.15 17.89 16.16 22.07 5.3 5.71 5.46 16.16 9.15 14.79 10.01 3.75 16.16 9.0 15.17 5.71 0.0 22.56 16.16 9.15 0.0 16.16 21.75 9.03 0.0 17.89 5.46 10.01 5.3 4.8 23.84 10.01 18.75 0.0 9.15 12.21 3.09 22.07 23.84 9.15 15.17 14.79 17.89 9.15 18.75 9.15 15.07 4.8 5.46 7.54 9.0 0.0 5.71 5.46 5.86 9.03 4.8 23.84 23.84 17.89 9.15 7.54 10.01 17.89 3.75 5.3 10.01 12.21 3.75 5.71 0.0 0.0 18.75 10.74 5.71 4.8 14.79 5.71 23.84 22.56 7.54 16.16 23.84 10.01 5.71 22.07 22.56 10.01 5.46 0.0 9.03 3.09 9.15 15.17 17.89 9.0 5.71 5.71 18.75 15.07 5.46 18.75 9.0 0.0 18.75 7.12 22.56 4.8 12.21 5.46 5.46 9.15 9.15 15.07 22.56 12.21 10.74 21.75 5.46 22.07 17.89 3.09 18.75 3.09 12.21 9.0 10.01 9.15 3.75 3.09 5.46 18.75 5.86 4.8 23.84 23.84 10.74 5.3 3.09 5.46 22.56 23.84 15.07 3.09 4.8 23.84
20.31 7.12 15.82 15.82 16.52 10.74 8.49 6.75 6.75 7.5 7.12 12.57 7.12 2.7 2.7 7.97 7.08 15.82 6.75 16.16 8.49 7.12 18.75 16.16 0.0 3.75 0.0 9.86 7.72 18.75 9.06 12.3 11.07 2.7 8.49 7.5 12.77 12.57 7.12 12.57 6.75 9.86 2.7 6.41 8.49 12.57 12.77 7.5 16.16 18.75 12.57 7.08 11.07 16.16 10.74 9.86 3.75 0.0 7.12 11.07 12.77 12.3 0.0 20.31 2.7 9.78 12.57 0.0 8.49 3.75 12.77 16.16 6.75 0.0 20.31 16.16 0.0 9.03 7.97 16.16 3.75 16.52 9.78 11.07 18.14 7.72 9.78 7.08 16.16 9.86 6.41 18.75 7.12 7.72 9.86 3.75 2.7 3.75 9.86 7.08 9.86 7.5 18.14 12.3 15.82 8.49 16.16 12.77 16.52 10.74 7.97 18.14 7.72 7.72 3.75 20.31 15.82 9.78 3.75 12.57 11.07 9.78 6.41 12.57 12.77 16.16 16.16 7.08 5.86 12.77 18.14 2.7 12.77 7.72 6.75 15.82 0.0 7.72 9.78 12.77 7.12 6.75 9.78 12.3 16.16 7.97 18.75 20.31 3.75 3.75 8.49 12.77 12.77 7.08 7.5 12.3 7.08 8.49 16.16 7.08 9.06 6.75 18.14 6.41 16.52 16.52 20.31 9.86 7.5 6.75 6.41 5.86 9.03 16.52 7.12 3.75 18.75 7.08 18.75 6.41 8.49 9.78 20.31 12.57 18.75 16.52 7.08 10.74 18.14 7.72 7.72 5.86 11.07 18.75 12.3 6.75 7.72 7.5 18.75 18.14 7.72
20.92 6.91 16.6 16.6 16.77 10.61 6.41 7.72 7.72 3.75 6.91 12.0 6.91 5.71 5.71 6.18 4.37 16.6 7.72 15.17 6.41 6.91 18.06 15.17 3.75 0.0 3.75 11.07 10.09 18.06 8.25 10.45 9.86 5.71 6.41 3.75 13.1 12.0 6.91 12.0 7.72 11.07 5.71 8.49 6.41 12.0 13.1 3.75 15.17 18.06 12.0 4.37 9.86 15.17 10.61 11.07 7.5 3.75 6.91 9.86 13.1 10.45 3.75 20.92 5.71 6.91 12.0 3.75 6.41 0.0 13.1 15.17 7.72 3.75 20.92 15.17 3.75 7.12 6.18 15.17 7.5 16.77 6.91 9.86 18.06 10.09 6.91 4.37 15.17 11.07 8.49 18.06 6.91 10.09 11.07 0.0 5.71 7.5 11.07 4.37 11.07 3.75 18.06 10.45 16.6 6.41 15.17 13.1 16.77 10.61 6.18 18.06 10.09 10.09 7.5 20.92 16.6 6.91 7.5 12.0 9.86 6.91 8.49 12.0 13.1 15.17 15.17 4.37 4.5 13.1 18.06 5.71 13.1 10.09 7.72 16.6 3.75 10.09 6.91 13.1 6.91 7.72 6.91 10.45 15.17 6.18 18.06 20.92 0.0 7.5 6.41 13.1 13.1 4.37 3.75 10.45 4.37 6.41 15.17 4.37 8.25 7.72 18.06 8.49 16.77 16.77 20.92 11.07 3.75 7.72 8.49 4.5 7.12 16.77 6.91 7.5 18.06 4.37 18.06 8.49 6.41 6.91 20.92 12.0 18.06 16.77 4.37 10.61 18.06 10.09 10.09 4.5 9.86 18.06 10.45 7.72 10.09 3.75 18.06 18.06 10.09
20.31 7.12 15.82 15.82 16.52 10.74 8.49 6.75 6.75 7.5 7.12 12.57 7.12 2.7 2.7 7.97 7.08 15.82 6.75 16.16 8.49 7.12 18.75 16.16 0.0 3.75 0.0 9.86 7.72 18.75 9.06 12.3 11.07 2.7 8.49 7.5 12.77 12.57 7.12 12.57 6.75 9.86 2.7 6.41 8.49 12.57 12.77 7.5 16.16 18.75 12.57 7.08 11.07 16.16 10.74 9.86 3.75 0.0 7.12 11.07 12.77 12.3 0.0 20.31 2.7 9.78 12.57 0.0 8.49 3.75 12.77 16.16 6.75 0.0 20.31 16.16 0.0 9.03 7.97 16.16 3.75 16.52 9.78 11.07 18.14 7.72 9.78 7.08 16.16 9.86 6.41 18.75 7.12 7.72 9.86 3.75 2.7 3.75 9.86 7.08 9.86 7.5 18.14 12.3 15.82 8.49 16.16 12.77 16.52 10.74 7.97 18.14 7.72 7.72 3.75 20.31 15.82 9.78 3.75 12.57 11.07 9.78 6.41 12.57 12.77 16.16 16.16 7.08 5.86 12.77 18.14 2.7 12.77 7.72 6.75 15.82 0.0 7.72 9.78 12.77 7.12 6.75 9.78 12.3 16.16 7.97 18.75 20.31 3.75 3.75 8.49 12.77 12.77 7.08 7.5 12.3 7.08 8.49 16.16 7.08 9.06 6.75 18.14 6.41 16.52 16.52 20.31 9.86 7.5 6.75 6.41 5.86 9.03 16.52 7.12 3.75 18.75 7.08 18.75 6.41 8.49 9.78 20.31 12.57 18.75 16.52 7.08 10.74 18.14 7.72 7.72 5.86 11.07 18.75 12.3 6.75 7.72 7.5 18.75 18.14 7.72
10.5 16.92 6.0 6.0 7.12 3.82 8.39 16.57 16.57 13.27 16.92 5.71 16.92 7.5 7.5 7.72 15.44 6.0 16.57 9.15 8.39 16.92 10.66 9.15 9.86 11.07 9.86 0.0 16.65 10.66 5.46 9.0 6.75 7.5 8.39 13.27 3.75 5.71 16.92 5.71 16.57 0.0 7.5 3.82 8.39 5.71 3.75 13.27 9.15 10.66 5.71 15.44 6.75 9.15 3.82 0.0 10.01 9.86 16.92 6.75 3.75 9.0 9.86 10.5 7.5 10.74 5.71 9.86 8.39 11.07 3.75 9.15 16.57 9.86 10.5 9.15 9.86 18.12 7.72 9.15 10.01 7.12 10.74 6.75 9.06 16.65 10.74 15.44 9.15 0.0 3.82 10.66 16.92 16.65 0.0 11.07 7.5 10.01 0.0 15.44 0.0 13.27 9.06 9.0 6.0 8.39 9.15 3.75 7.12 3.82 7.72 9.06 16.65 16.65 10.01 10.5 6.0 10.74 10.01 5.71 6.75 10.74 3.82 5.71 3.75 9.15 9.15 15.44 7.42 3.75 9.06 7.5 3.75 16.65 16.57 6.0 9.86 16.65 10.74 3.75 16.92 16.57 10.74 9.0 9.15 7.72 10.66 10.5 11.07 10.01 8.39 3.75 3.75 15.44 13.27 9.0 15.44 8.39 9.15 15.44 5.46 16.57 9.06 3.82 7.12 7.12 10.5 0.0 13.27 16.57 3.82 7.42 18.12 7.12 16.92 10.01 10.66 15.44 10.66 3.82 8.39 10.74 10.5 5.71 10.66 7.12 15.44 3.82 9.06 16.65 16.65 7.42 6.75 10.66 9.0 16.57 16.65 13.27 10.66 9.06 16.65
27.09 6.0 22.61 22.61 23.68 18.26 16.05 3.75 3.75 13.12 6.0 20.19 6.0 9.28 9.28 15.61 10.2 22.61 3.75 23.84 16.05 6.0 26.34 23.84 7.72 10.09 7.72 16.65 0.0 26.34 16.77 19.97 18.79 9.28 16.05 13.12 20.01 20.19 6.0 20.19 3.75 16.65 9.28 12.84 16.05 20.19 20.01 13.12 23.84 26.34 20.19 10.2 18.79 23.84 18.26 16.65 6.75 7.72 6.0 18.79 20.01 19.97 7.72 27.09 9.28 16.97 20.19 7.72 16.05 10.09 20.01 23.84 3.75 7.72 27.09 23.84 7.72 9.75 15.61 23.84 6.75 23.68 16.97 18.79 25.47 0.0 16.97 10.2 23.84 16.65 12.84 26.34 6.0 0.0 16.65 10.09 9.28 6.75 16.65 10.2 16.65 13.12 25.47 19.97 22.61 16.05 23.84 20.01 23.68 18.26 15.61 25.47 0.0 0.0 6.75 27.09 22.61 16.97 6.75 20.19 18.79 16.97 12.84 20.19 20.01 23.84 23.84 10.2 13.52 20.01 25.47 9.28 20.01 0.0 3.75 22.61 7.72 0.0 16.97 20.01 6.0 3.75 16.97 19.97 23.84 15.61 26.34 27.09 10.09 6.75 16.05 20.01 20.01 10.2 13.12 19.97 10.2 16.05 23.84 10.2 16.77 3.75 25.47 12.84 23.68 23.68 27.09 16.65 13.12 3.75 12.84 13.52 9.75 23.68 6.0 6.75 26.34 10.2 26.34 12.84 16.05 16.97 27.09 20.19 26.34 23.68 10.2 18.26 25.47 0.0 0.0 13.52 18.79 26.34 19.97 3.75 0.0 13.12 26.34 25.47 0.0
7.12 24.93 7.12 7.12 4.74 8.08 12.02 25.3 25.3 18.14 24.93 6.18 24.93 17.14 17.14 12.0 21.76 7.12 25.3 3.09 12.02 24.93 0.0 3.09 18.75 18.06 18.75 10.66 26.34 0.0 9.86 8.55 8.25 17.14 12.02 18.14 6.91 6.18 24.93 6.18 25.3 10.66 17.14 14.15 12.02 6.18 6.91 18.14 3.09 0.0 6.18 21.76 8.25 3.09 8.08 10.66 20.12 18.75 24.93 8.25 6.91 8.55 18.75 7.12 17.14 13.1 6.18 18.75 12.02 18.06 6.91 3.09 25.3 18.75 7.12 3.09 18.75 24.76 12.0 3.09 20.12 4.74 13.1 8.25 3.0 26.34 13.1 21.76 3.09 10.66 14.15 0.0 24.93 26.34 10.66 18.06 17.14 20.12 10.66 21.76 10.66 18.14 3.0 8.55 7.12 12.02 3.09 6.91 4.74 8.08 12.0 3.0 26.34 26.34 20.12 7.12 7.12 13.1 20.12 6.18 8.25 13.1 14.15 6.18 6.91 3.09 3.09 21.76 13.58 6.91 3.0 17.14 6.91 26.34 25.3 7.12 18.75 26.34 13.1 6.91 24.93 25.3 13.1 8.55 3.09 12.0 0.0 7.12 18.06 20.12 12.02 6.91 6.91 21.76 18.14 8.55 21.76 12.02 3.09 21.76 9.86 25.3 3.0 14.15 4.74 4.74 7.12 10.66 18.14 25.3 14.15 13.58 24.76 4.74 24.93 20.12 0.0 21.76 0.0 14.15 12.02 13.1 7.12 6.18 0.0 4.74 21.76 8.08 3.0 26.34 26.34 13.58 8.25 0.0 8.55 25.3 26.34 18.14 0.0 3.0 26.34
13.1 15.07 9.15 9.15 8.78 2.7 3.18 15.46 15.46 9.06 15.07 3.75 15.07 7.97 7.97 2.7 12.21 9.15 15.46 7.12 3.18 15.07 9.86 7.12 9.06 8.25 9.06 5.46 16.77 9.86 0.0 4.04 2.12 7.97 3.18 9.06 5.41 3.75 15.07 3.75 15.46 5.46 7.97 6.41 3.18 3.75 5.41 9.06 7.12 9.86 3.75 12.21 2.12 7.12 2.7 5.46 11.15 9.06 15.07 2.12 5.41 4.04 9.06 13.1 7.97 5.41 3.75 9.06 3.18 8.25 5.41 7.12 15.46 9.06 13.1 7.12 9.06 15.17 2.7 7.12 11.15 8.78 5.41 2.12 9.86 16.77 5.41 12.21 7.12 5.46 6.41 9.86 15.07 16.77 5.46 8.25 7.97 11.15 5.46 12.21 5.46 9.06 9.86 4.04 9.15 3.18 7.12 5.41 8.78 2.7 2.7 9.86 16.77 16.77 11.15 13.1 9.15 5.41 11.15 3.75 2.12 5.41 6.41 3.75 5.41 7.12 7.12 12.21 3.75 5.41 9.86 7.97 5.41 16.77 15.46 9.15 9.06 16.77 5.41 5.41 15.07 15.46 5.41 4.04 7.12 2.7 9.86 13.1 8.25 11.15 3.18 5.41 5.41 12.21 9.06 4.04 12.21 3.18 7.12 12.21 0.0 15.46 9.86 6.41 8.78 8.78 13.1 5.46 9.06 15.46 6.41 3.75 15.17 8.78 15.07 11.15 9.86 12.21 9.86 6.41 3.18 5.41 13.1 3.75 9.86 8.78 12.21 2.7 9.86 16.77 16.77 3.75 2.12 9.86 4.04 15.46 16.77 9.06 9.86 9.86 16.77
13.83 17.32 10.82 10.82 9.55 5.3 4.04 18.12 18.12 9.75 17.32 4.37 17.32 11.72 11.72 4.37 13.58 10.82 18.12 5.46 4.04 17.32 8.55 5.46 12.3 10.45 12.3 9.0 19.97 8.55 4.04 0.0 2.25 11.72 4.04 9.75 7.39 4.37 17.32 4.37 18.12 9.0 11.72 10.45 4.04 4.37 7.39 9.75 5.46 8.55 4.37 13.58 2.25 5.46 5.3 9.0 14.89 12.3 17.32 2.25 7.39 0.0 12.3 13.83 11.72 4.56 4.37 12.3 4.04 10.45 7.39 5.46 18.12 12.3 13.83 5.46 12.3 16.57 4.37 5.46 14.89 9.55 4.56 2.25 9.78 19.97 4.56 13.58 5.46 9.0 10.45 8.55 17.32 19.97 9.0 10.45 11.72 14.89 9.0 13.58 9.0 9.75 9.78 0.0 10.82 4.04 5.46 7.39 9.55 5.3 4.37 9.78 19.97 19.97 14.89 13.83 10.82 4.56 14.89 4.37 2.25 4.56 10.45 4.37 7.39 5.46 5.46 13.58 6.45 7.39 9.78 11.72 7.39 19.97 18.12 10.82 12.3 19.97 4.56 7.39 17.32 18.12 4.56 0.0 5.46 4.37 8.55 13.83 10.45 14.89 4.04 7.39 7.39 13.58 9.75 0.0 13.58 4.04 5.46 13.58 4.04 18.12 9.78 10.45 9.55 9.55 13.83 9.0 9.75 18.12 10.45 6.45 16.57 9.55 17.32 14.89 8.55 13.58 8.55 10.45 4.04 4.56 13.83 4.37 8.55 9.55 13.58 5.3 9.78 19.97 19.97 6.45 2.25 8.55 0.0 18.12 19.97 9.75 8.55 9.78 19.97
12.48 16.77 9.03 9.03 8.11 3.09 3.82 17.32 17.32 10.01 16.77 2.7 16.77 10.09 10.09 3.75 13.52 9.03 17.32 5.3 3.82 16.77 8.25 5.3 11.07 9.86 11.07 6.75 18.79 8.25 2.12 2.25 0.0 10.09 3.82 10.01 5.41 2.7 16.77 2.7 17.32 6.75 10.09 8.39 3.82 2.7 5.41 10.01 5.3 8.25 2.7 13.52 0.0 5.3 3.09 6.75 13.27 11.07 16.77 0.0 5.41 2.25 11.07 12.48 10.09 5.41 2.7 11.07 3.82 9.86 5.41 5.3 17.32 11.07 12.48 5.3 11.07 16.52 3.75 5.3 13.27 8.11 5.41 0.0 8.78 18.79 5.41 13.52 5.3 6.75 8.39 8.25 16.77 18.79 6.75 9.86 10.09 13.27 6.75 13.52 6.75 10.01 8.78 2.25 9.03 3.82 5.3 5.41 8.11 3.09 3.75 8.78 18.79 18.79 13.27 12.48 9.03 5.41 13.27 2.7 0.0 5.41 8.39 2.7 5.41 5.3 5.3 13.52 5.46 5.41 8.78 10.09 5.41 18.79 17.32 9.03 11.07 18.79 5.41 5.41 16.77 17.32 5.41 2.25 5.3 3.75 8.25 12.48 9.86 13.27 3.82 5.41 5.41 13.52 10.01 2.25 13.52 3.82 5.3 13.52 2.12 17.32 8.78 8.39 8.11 8.11 12.48 6.75 10.01 17.32 8.39 5.46 16.52 8.11 16.77 13.27 8.25 13.52 8.25 8.39 3.82 5.41 12.48 2.7 8.25 8.11 13.52 3.09 8.78 18.79 18.79 5.46 0.0 8.25 2.25 17.32 18.79 10.01 8.25 8.78 18.79
18.0 9.75 13.5 13.5 14.43 9.06 8.39 9.12 9.12 9.28 9.75 11.07 9.75 0.0 0.0 7.72 9.6 13.5 9.12 14.79 8.39 9.75 17.14 14.79 2.7 5.71 2.7 7.5 9.28 17.14 7.97 11.72 10.09 0.0 8.39 9.28 10.74 11.07 9.75 11.07 9.12 7.5 0.0 3.82 8.39 11.07 10.74 9.28 14.79 17.14 11.07 9.6 10.09 14.79 9.06 7.5 3.18 2.7 9.75 10.09 10.74 11.72 2.7 18.0 0.0 10.2 11.07 2.7 8.39 5.71 10.74 14.79 9.12 2.7 18.0 14.79 2.7 11.72 7.72 14.79 3.18 14.43 10.2 10.09 16.19 9.28 10.2 9.6 14.79 7.5 3.82 17.14 9.75 9.28 7.5 5.71 0.0 3.18 7.5 9.6 7.5 9.28 16.19 11.72 13.5 8.39 14.79 10.74 14.43 9.06 7.72 16.19 9.28 9.28 3.18 18.0 13.5 10.2 3.18 11.07 10.09 10.2 3.82 11.07 10.74 14.79 14.79 9.6 5.71 10.74 16.19 0.0 10.74 9.28 9.12 13.5 2.7 9.28 10.2 10.74 9.75 9.12 10.2 11.72 14.79 7.72 17.14 18.0 5.71 3.18 8.39 10.74 10.74 9.6 9.28 11.72 9.6 8.39 14.79 9.6 7.97 9.12 16.19 3.82 14.43 14.43 18.0 7.5 9.28 9.12 3.82 5.71 11.72 14.43 9.75 3.18 17.14 9.6 17.14 3.82 8.39 10.2 18.0 11.07 17.14 14.43 9.6 9.06 16.19 9.28 9.28 5.71 10.09 17.14 11.72 9.12 9.28 9.28 17.14 16.19 9.28
16.1 13.29 12.3 12.3 11.74 5.86 0.0 14.09 14.09 6.18 13.29 6.41 13.29 8.39 8.39 0.75 9.75 12.3 14.09 9.0 0.0 13.29 12.02 9.0 8.49 6.41 8.49 8.39 16.05 12.02 3.18 4.04 3.82 8.39 0.0 6.18 8.55 6.41 13.29 6.41 14.09 8.39 8.39 8.25 0.0 6.41 8.55 6.18 9.0 12.02 6.41 9.75 3.82 9.0 5.86 8.39 11.45 8.49 13.29 3.82 8.55 4.04 8.49 16.1 8.39 2.37 6.41 8.49 0.0 6.41 8.55 9.0 14.09 8.49 16.1 9.0 8.49 12.75 0.75 9.0 11.45 11.74 2.37 3.82 12.57 16.05 2.37 9.75 9.0 8.39 8.25 12.02 13.29 16.05 8.39 6.41 8.39 11.45 8.39 9.75 8.39 6.18 12.57 4.04 12.3 0.0 9.0 8.55 11.74 5.86 0.75 12.57 16.05 16.05 11.45 16.1 12.3 2.37 11.45 6.41 3.82 2.37 8.25 6.41 8.55 9.0 9.0 9.75 2.7 8.55 12.57 8.39 8.55 16.05 14.09 12.3 8.49 16.05 2.37 8.55 13.29 14.09 2.37 4.04 9.0 0.75 12.02 16.1 6.41 11.45 0.0 8.55 8.55 9.75 6.18 4.04 9.75 0.0 9.0 9.75 3.18 14.09 12.57 8.25 11.74 11.74 16.1 8.39 6.18 14.09 8.25 2.7 12.75 11.74 13.29 11.45 12.02 9.75 12.02 8.25 0.0 2.37 16.1 6.41 12.02 11.74 9.75 5.86 12.57 16.05 16.05 2.7 3.82 12.02 4.04 14.09 16.05 6.18 12.02 12.57 16.05
22.16 8.55 18.14 18.14 17.83 11.74 6.18 10.09 10.09 0.0 8.55 12.57 8.55 9.28 9.28 6.41 4.04 18.14 10.09 15.07 6.18 8.55 18.14 15.07 7.5 3.75 7.5 13.27 13.12 18.14 9.06 9.75 10.01 9.28 6.18 0.0 14.43 12.57 8.55 12.57 10.09 13.27 9.28 11.45 6.18 12.57 14.43 0.0 15.07 18.14 12.57 4.04 10.01 15.07 11.74 13.27 11.25 7.5 8.55 10.01 14.43 9.75 7.5 22.16 9.28 5.3 12.57 7.5 6.18 3.75 14.43 15.07 10.09 7.5 22.16 15.07 7.5 6.91 6.41 15.07 11.25 17.83 5.3 10.01 18.75 13.12 5.3 4.04 15.07 13.27 11.45 18.14 8.55 13.12 13.27 3.75 9.28 11.25 13.27 4.04 13.27 0.0 18.75 9.75 18.14 6.18 15.07 14.43 17.83 11.74 6.41 18.75 13.12 13.12 11.25 22.16 18.14 5.3 11.25 12.57 10.01 5.3 11.45 12.57 14.43 15.07 15.07 4.04 5.86 14.43 18.75 9.28 14.43 13.12 10.09 18.14 7.5 13.12 5.3 14.43 8.55 10.09 5.3 9.75 15.07 6.41 18.14 22.16 3.75 11.25 6.18 14.43 14.43 4.04 0.0 9.75 4.04 6.18 15.07 4.04 9.06 10.09 18.75 11.45 17.83 17.83 22.16 13.27 0.0 10.09 11.45 5.86 6.91 17.83 8.55 11.25 18.14 4.04 18.14 11.45 6.18 5.3 22.16 12.57 18.14 17.83 4.04 11.74 18.75 13.12 13.12 5.86 10.01 18.14 9.75 10.09 13.12 0.0 18.14 18.75 13.12
7.83 19.56 3.75 3.75 3.75 2.7 8.55 19.51 19.51 14.43 19.56 3.09 19.56 10.74 10.74 8.11 17.32 3.75 19.51 5.71 8.55 19.56 6.91 5.71 12.77 13.1 12.77 3.75 20.01 6.91 5.41 7.39 5.41 10.74 8.55 14.43 0.0 3.09 19.56 3.09 19.51 3.75 10.74 7.39 8.55 3.09 0.0 14.43 5.71 6.91 3.09 17.32 5.41 5.71 2.7 3.75 13.52 12.77 19.56 5.41 0.0 7.39 12.77 7.83 10.74 10.61 3.09 12.77 8.55 13.1 0.0 5.71 19.51 12.77 7.83 5.71 12.77 20.19 8.11 5.71 13.52 3.75 10.61 5.41 5.46 20.01 10.61 17.32 5.71 3.75 7.39 6.91 19.56 20.01 3.75 13.1 10.74 13.52 3.75 17.32 3.75 14.43 5.46 7.39 3.75 8.55 5.71 0.0 3.75 2.7 8.11 5.46 20.01 20.01 13.52 7.83 3.75 10.61 13.52 3.09 5.41 10.61 7.39 3.09 0.0 5.71 5.71 17.32 8.78 0.0 5.46 10.74 0.0 20.01 19.51 3.75 12.77 20.01 10.61 0.0 19.56 19.51 10.61 7.39 5.71 8.11 6.91 7.83 13.1 13.52 8.55 0.0 0.0 17.32 14.43 7.39 17.32 8.55 5.71 17.32 5.41 19.51 5.46 7.39 3.75 3.75 7.83 3.75 14.43 19.51 7.39 8.78 20.19 3.75 19.56 13.52 6.91 17.32 6.91 7.39 8.55 10.61 7.83 3.09 6.91 3.75 17.32 2.7 5.46 20.01 20.01 8.78 5.41 6.91 7.39 19.51 20.01 14.43 6.91 5.46 20.01
