0.0 21.84 21.1 18.44 9.22 18.25 15.0 15.23 25.5 32.76 18.03 6.71 15.0 21.0 28.16 6.71 19.24 8.6 21.84 32.76 9.22 18.44 28.86 8.6 25.5 21.84 28.16 28.16 15.23 21.0 3.0 15.23 25.5 12.08 3.0 18.38 15.23 28.86 7.0 0.0 3.0 18.38 25.5 32.76 18.03 19.24 12.08 18.38 8.6 7.0 12.08 8.6 25.5 12.08 21.0 32.76 9.22 21.0 18.03 18.03 9.22 18.44 32.76 12.08 3.0 12.08 28.86 21.84 18.38 32.76 18.44 19.24 15.23 25.5 12.53 3.0 9.22 9.22 18.38 21.0 21.0 8.6 21.1 7.0 19.24 18.03 21.0 8.6 18.38 6.71 15.23 18.44 12.53 7.0 12.08 7.0 26.93 18.03 18.25 18.03 9.22 3.0 18.25 18.38 21.0 18.44 18.25 26.93 21.84 0.0 18.25 18.03 15.23 12.37 25.5 12.08 25.5 15.23 12.08 28.86 12.08 28.86 15.23 28.86 28.86 0.0 0.0 9.22 32.76 28.16 15.23 7.0 32.76 3.0 26.93 21.0 28.86 21.0 21.84 21.84 8.6 24.04 28.86 12.08 28.86 21.84 15.23 18.25 15.23 28.16 15.0 26.93 0.0 6.71 21.1 28.16 3.0 18.03 3.0 25.5 18.38 25.5 18.38 18.44 24.04 18.25 3.0 26.93 21.84 15.23 18.38 0.0 0.0 18.44 7.0 8.6 12.37 12.37 9.22 15.23 18.03 12.53 7.0 12.53 12.08 8.6 19.24 15.23 3.0 19.24 21.1 9.22 8.6 15.0 26.93 32.76 15.0 21.84 6.71 32.76 12.53
21.84 0.0 26.0 19.31 14.0 30.0 21.63 7.0 30.68 34.23 4.0 21.63 21.63 6.0 38.47 21.63 15.52 17.8 0.0 34.23 14.0 19.31 36.77 17.8 30.68 0.0 38.47 38.47 7.0 6.0 18.97 7.0 30.68 14.87 18.97 26.93 13.89 36.77 15.23 21.84 18.97 26.93 30.68 34.23 4.0 15.52 14.87 26.93 17.8 15.23 14.87 17.8 30.68 14.87 6.0 34.23 14.0 6.0 4.0 4.0 14.0 19.31 34.23 14.87 18.97 14.87 36.77 0.0 26.93 34.23 19.31 15.52 13.89 30.68 10.0 18.97 14.0 14.0 26.93 6.0 6.0 17.8 26.0 15.23 15.52 4.0 6.0 17.8 26.93 21.63 13.89 19.31 10.0 15.23 14.87 15.23 29.83 4.0 30.0 4.0 14.0 18.97 30.0 26.93 6.0 19.31 30.0 29.83 0.0 21.84 30.0 4.0 13.89 25.46 30.68 14.87 30.68 7.0 14.87 36.77 14.87 36.77 13.89 36.77 36.77 21.84 21.84 14.0 34.23 38.47 7.0 15.23 34.23 18.97 29.83 6.0 36.77 6.0 0.0 0.0 17.8 32.2 36.77 14.87 36.77 0.0 13.89 30.0 13.89 38.47 21.63 29.83 21.84 21.63 26.0 38.47 18.97 4.0 18.97 30.68 26.93 30.68 26.93 19.31 32.2 30.0 18.97 29.83 0.0 13.89 26.93 21.84 21.84 19.31 15.23 17.8 25.46 25.46 14.0 13.89 4.0 10.0 15.23 10.0 14.87 17.8 15.52 7.0 18.97 15.52 26.0 14.0 17.8 21.63 29.83 34.23 21.63 0.0 21.63 34.23 10.0
21.1 26.0 0.0 6.71 24.33 8.0 6.32 24.19 5.0 11.66 24.74 14.42 6.32 20.59 12.81 14.42 10.82 13.6 26.0 11.66 24.33 6.71 10.77 13.6 5.0 26.0 12.81 12.81 24.19 20.59 19.7 24.19 5.0 13.0 19.7 4.12 12.37 10.77 18.44 21.1 19.7 4.12 5.0 11.66 24.74 10.82 13.0 4.12 13.6 18.44 13.0 13.6 5.0 13.0 20.59 11.66 24.33 20.59 24.74 24.74 24.33 6.71 11.66 13.0 19.7 13.0 10.77 26.0 4.12 11.66 6.71 10.82 12.37 5.0 24.0 19.7 24.33 24.33 4.12 20.59 20.59 13.6 0.0 18.44 10.82 24.74 20.59 13.6 4.12 14.42 12.37 6.71 24.0 18.44 13.0 18.44 5.83 24.74 8.0 24.74 24.33 19.7 8.0 4.12 20.59 6.71 8.0 5.83 26.0 21.1 8.0 24.74 12.37 10.0 5.0 13.0 5.0 24.19 13.0 10.77 13.0 10.77 12.37 10.77 10.77 21.1 21.1 24.33 11.66 12.81 24.19 18.44 11.66 19.7 5.83 20.59 10.77 20.59 26.0 26.0 13.6 6.4 10.77 13.0 10.77 26.0 12.37 8.0 12.37 12.81 6.32 5.83 21.1 14.42 0.0 12.81 19.7 24.74 19.7 5.0 4.12 5.0 4.12 6.71 6.4 8.0 19.7 5.83 26.0 12.37 4.12 21.1 21.1 6.71 18.44 13.6 10.0 10.0 24.33 12.37 24.74 24.0 18.44 24.0 13.0 13.6 10.82 24.19 19.7 10.82 0.0 24.33 13.6 6.32 5.83 11.66 6.32 26.0 14.42 11.66 24.0
18.44 19.31 6.71 0.0 19.31 12.53 5.0 18.0 11.4 16.28 18.25 12.53 5.0 13.89 19.42 12.53 4.24 9.9 19.31 16.28 19.31 0.0 17.46 9.9 11.4 19.31 19.42 19.42 18.0 13.89 16.28 18.0 11.4 7.62 16.28 8.6 6.0 17.46 13.89 18.44 16.28 8.6 11.4 16.28 18.25 4.24 7.62 8.6 9.9 13.89 7.62 9.9 11.4 7.62 13.89 16.28 19.31 13.89 18.25 18.25 19.31 0.0 16.28 7.62 16.28 7.62 17.46 19.31 8.6 16.28 0.0 4.24 6.0 11.4 18.25 16.28 19.31 19.31 8.6 13.89 13.89 9.9 6.71 13.89 4.24 18.25 13.89 9.9 8.6 12.53 6.0 0.0 18.25 13.89 7.62 13.89 11.0 18.25 12.53 18.25 19.31 16.28 12.53 8.6 13.89 0.0 12.53 11.0 19.31 18.44 12.53 18.25 6.0 11.0 11.4 7.62 11.4 18.0 7.62 17.46 7.62 17.46 6.0 17.46 17.46 18.44 18.44 19.31 16.28 19.42 18.0 13.89 16.28 16.28 11.0 13.89 17.46 13.89 19.31 19.31 9.9 13.04 17.46 7.62 17.46 19.31 6.0 12.53 6.0 19.42 5.0 11.0 18.44 12.53 6.71 19.42 16.28 18.25 16.28 11.4 8.6 11.4 8.6 0.0 13.04 12.53 16.28 11.0 19.31 6.0 8.6 18.44 18.44 0.0 13.89 9.9 11.0 11.0 19.31 6.0 18.25 18.25 13.89 18.25 7.62 9.9 4.24 18.0 16.28 4.24 6.71 19.31 9.9 5.0 11.0 16.28 5.0 19.31 12.53 16.28 18.25
9.22 14.0 24.33 19.31 0.0 24.33 18.11 7.0 29.27 35.44 10.0 12.65 18.11 15.23 34.23 12.65 18.03 11.0 14.0 35.44 0.0 19.31 34.0 11.0 29.27 14.0 34.23 34.23 7.0 15.23 7.21 7.0 29.27 11.7 7.21 23.0 13.89 34.0 6.0 9.22 7.21 23.0 29.27 35.44 10.0 18.03 11.7 23.0 11.0 6.0 11.7 11.0 29.27 11.7 15.23 35.44 0.0 15.23 10.0 10.0 0.0 19.31 35.44 11.7 7.21 11.7 34.0 14.0 23.0 35.44 19.31 18.03 13.89 29.27 4.0 7.21 0.0 0.0 23.0 15.23 15.23 11.0 24.33 6.0 18.03 10.0 15.23 11.0 23.0 12.65 13.89 19.31 4.0 6.0 11.7 6.0 29.83 10.0 24.33 10.0 0.0 7.21 24.33 23.0 15.23 19.31 24.33 29.83 14.0 9.22 24.33 10.0 13.89 18.44 29.27 11.7 29.27 7.0 11.7 34.0 11.7 34.0 13.89 34.0 34.0 9.22 9.22 0.0 35.44 34.23 7.0 6.0 35.44 7.21 29.83 15.23 34.0 15.23 14.0 14.0 11.0 29.0 34.0 11.7 34.0 14.0 13.89 24.33 13.89 34.23 18.11 29.83 9.22 12.65 24.33 34.23 7.21 10.0 7.21 29.27 23.0 29.27 23.0 19.31 29.0 24.33 7.21 29.83 14.0 13.89 23.0 9.22 9.22 19.31 6.0 11.0 18.44 18.44 0.0 13.89 10.0 4.0 6.0 4.0 11.7 11.0 18.03 7.0 7.21 18.03 24.33 0.0 11.0 18.11 29.83 35.44 18.11 14.0 12.65 35.44 4.0
18.25 30.0 8.0 12.53 24.33 0.0 8.49 26.4 9.43 17.2 27.78 12.0 8.49 25.46 10.0 12.0 16.64 13.6 30.0 17.2 24.33 12.53 10.77 13.6 9.43 30.0 10.0 10.0 26.4 25.46 18.0 26.4 9.43 15.26 18.0 4.12 16.28 10.77 18.44 18.25 18.0 4.12 9.43 17.2 27.78 16.64 15.26 4.12 13.6 18.44 15.26 13.6 9.43 15.26 25.46 17.2 24.33 25.46 27.78 27.78 24.33 12.53 17.2 15.26 18.0 15.26 10.77 30.0 4.12 17.2 12.53 16.64 16.28 9.43 25.3 18.0 24.33 24.33 4.12 25.46 25.46 13.6 8.0 18.44 16.64 27.78 25.46 13.6 4.12 12.0 16.28 12.53 25.3 18.44 15.26 18.44 12.08 27.78 0.0 27.78 24.33 18.0 0.0 4.12 25.46 12.53 0.0 12.08 30.0 18.25 0.0 27.78 16.28 6.0 9.43 15.26 9.43 26.4 15.26 10.77 15.26 10.77 16.28 10.77 10.77 18.25 18.25 24.33 17.2 10.0 26.4 18.44 17.2 18.0 12.08 25.46 10.77 25.46 30.0 30.0 13.6 6.4 10.77 15.26 10.77 30.0 16.28 0.0 16.28 10.0 8.49 12.08 18.25 12.0 8.0 10.0 18.0 27.78 18.0 9.43 4.12 9.43 4.12 12.53 6.4 0.0 18.0 12.08 30.0 16.28 4.12 18.25 18.25 12.53 18.44 13.6 6.0 6.0 24.33 16.28 27.78 25.3 18.44 25.3 15.26 13.6 16.64 26.4 18.0 16.64 8.0 24.33 13.6 8.49 12.08 17.2 8.49 30.0 12.0 17.2 25.3
15.0 21.63 6.32 5.0 18.11 8.49 0.0 18.68 11.18 17.89 19.7 8.49 0.0 16.97 17.09 8.49 8.54 7.28 21.63 17.89 18.11 5.0 16.12 7.28 11.18 21.63 17.09 17.09 18.68 16.97 13.42 18.68 11.18 7.28 13.42 5.39 7.81 16.12 12.17 15.0 13.42 5.39 11.18 17.89 19.7 8.54 7.28 5.39 7.28 12.17 7.28 7.28 11.18 7.28 16.97 17.89 18.11 16.97 19.7 19.7 18.11 5.0 17.89 7.28 13.42 7.28 16.12 21.63 5.39 17.89 5.0 8.54 7.81 11.18 18.11 13.42 18.11 18.11 5.39 16.97 16.97 7.28 6.32 12.17 8.54 19.7 16.97 7.28 5.39 8.49 7.81 5.0 18.11 12.17 7.28 12.17 12.08 19.7 8.49 19.7 18.11 13.42 8.49 5.39 16.97 5.0 8.49 12.08 21.63 15.0 8.49 19.7 7.81 6.0 11.18 7.28 11.18 18.68 7.28 16.12 7.28 16.12 7.81 16.12 16.12 15.0 15.0 18.11 17.89 17.09 18.68 12.17 17.89 13.42 12.08 16.97 16.12 16.97 21.63 21.63 7.28 11.18 16.12 7.28 16.12 21.63 7.81 8.49 7.81 17.09 0.0 12.08 15.0 8.49 6.32 17.09 13.42 19.7 13.42 11.18 5.39 11.18 5.39 5.0 11.18 8.49 13.42 12.08 21.63 7.81 5.39 15.0 15.0 5.0 12.17 7.28 6.0 6.0 18.11 7.81 19.7 18.11 12.17 18.11 7.28 7.28 8.54 18.68 13.42 8.54 6.32 18.11 7.28 0.0 12.08 17.89 0.0 21.63 8.49 17.89 18.11
15.23 7.0 24.19 18.0 7.0 26.4 18.68 0.0 29.15 34.13 3.0 16.28 18.68 9.22 35.74 16.28 15.3 13.04 7.0 34.13 7.0 18.0 34.71 13.04 29.15 7.0 35.74 35.74 0.0 9.22 12.53 0.0 29.15 11.4 12.53 24.04 12.0 34.71 9.22 15.23 12.53 24.04 29.15 34.13 3.0 15.3 11.4 24.04 13.04 9.22 11.4 13.04 29.15 11.4 9.22 34.13 7.0 9.22 3.0 3.0 7.0 18.0 34.13 11.4 12.53 11.4 34.71 7.0 24.04 34.13 18.0 15.3 12.0 29.15 3.0 12.53 7.0 7.0 24.04 9.22 9.22 13.04 24.19 9.22 15.3 3.0 9.22 13.04 24.04 16.28 12.0 18.0 3.0 9.22 11.4 9.22 29.0 3.0 26.4 3.0 7.0 12.53 26.4 24.04 9.22 18.0 26.4 29.0 7.0 15.23 26.4 3.0 12.0 21.1 29.15 11.4 29.15 0.0 11.4 34.71 11.4 34.71 12.0 34.71 34.71 15.23 15.23 7.0 34.13 35.74 0.0 9.22 34.13 12.53 29.0 9.22 34.71 9.22 7.0 7.0 13.04 29.83 34.71 11.4 34.71 7.0 12.0 26.4 12.0 35.74 18.68 29.0 15.23 16.28 24.19 35.74 12.53 3.0 12.53 29.15 24.04 29.15 24.04 18.0 29.83 26.4 12.53 29.0 7.0 12.0 24.04 15.23 15.23 18.0 9.22 13.04 21.1 21.1 7.0 12.0 3.0 3.0 9.22 3.0 11.4 13.04 15.3 0.0 12.53 15.3 24.19 7.0 13.04 18.68 29.0 34.13 18.68 7.0 16.28 34.13 3.0
25.5 30.68 5.0 11.4 29.27 9.43 11.18 29.15 0.0 7.81 29.61 18.79 11.18 25.08 9.43 18.79 15.23 18.44 30.68 7.81 29.27 11.4 6.4 18.44 0.0 30.68 9.43 9.43 29.15 25.08 24.35 29.15 0.0 18.0 24.35 7.21 17.26 6.4 23.35 25.5 24.35 7.21 0.0 7.81 29.61 15.23 18.0 7.21 18.44 23.35 18.0 18.44 0.0 18.0 25.08 7.81 29.27 25.08 29.61 29.61 29.27 11.4 7.81 18.0 24.35 18.0 6.4 30.68 7.21 7.81 11.4 15.23 17.26 0.0 29.0 24.35 29.27 29.27 7.21 25.08 25.08 18.44 5.0 23.35 15.23 29.61 25.08 18.44 7.21 18.79 17.26 11.4 29.0 23.35 18.0 23.35 3.0 29.61 9.43 29.61 29.27 24.35 9.43 7.21 25.08 11.4 9.43 3.0 30.68 25.5 9.43 29.61 17.26 13.6 0.0 18.0 0.0 29.15 18.0 6.4 18.0 6.4 17.26 6.4 6.4 25.5 25.5 29.27 7.81 9.43 29.15 23.35 7.81 24.35 3.0 25.08 6.4 25.08 30.68 30.68 18.44 4.0 6.4 18.0 6.4 30.68 17.26 9.43 17.26 9.43 11.18 3.0 25.5 18.79 5.0 9.43 24.35 29.61 24.35 0.0 7.21 0.0 7.21 11.4 4.0 9.43 24.35 3.0 30.68 17.26 7.21 25.5 25.5 11.4 23.35 18.44 13.6 13.6 29.27 17.26 29.61 29.0 23.35 29.0 18.0 18.44 15.23 29.15 24.35 15.23 5.0 29.27 18.44 11.18 3.0 7.81 11.18 30.68 18.79 7.81 29.0
32.76 34.23 11.66 16.28 35.44 17.2 17.89 34.13 7.81 0.0 34.0 26.08 17.89 28.28 14.0 26.08 19.0 25.08 34.23 0.0 35.44 16.28 10.0 25.08 7.81 34.23 14.0 14.0 34.13 28.28 31.3 34.13 7.81 23.77 31.3 14.87 22.2 10.0 29.73 32.76 31.3 14.87 7.81 0.0 34.0 19.0 23.77 14.87 25.08 29.73 23.77 25.08 7.81 23.77 28.28 0.0 35.44 28.28 34.0 34.0 35.44 16.28 0.0 23.77 31.3 23.77 10.0 34.23 14.87 0.0 16.28 19.0 22.2 7.81 34.53 31.3 35.44 35.44 14.87 28.28 28.28 25.08 11.66 29.73 19.0 34.0 28.28 25.08 14.87 26.08 22.2 16.28 34.53 29.73 23.77 29.73 5.83 34.0 17.2 34.0 35.44 31.3 17.2 14.87 28.28 16.28 17.2 5.83 34.23 32.76 17.2 34.0 22.2 21.26 7.81 23.77 7.81 34.13 23.77 10.0 23.77 10.0 22.2 10.0 10.0 32.76 32.76 35.44 0.0 14.0 34.13 29.73 0.0 31.3 5.83 28.28 10.0 28.28 34.23 34.23 25.08 11.18 10.0 23.77 10.0 34.23 22.2 17.2 22.2 14.0 17.89 5.83 32.76 26.08 11.66 14.0 31.3 34.0 31.3 7.81 14.87 7.81 14.87 16.28 11.18 17.2 31.3 5.83 34.23 22.2 14.87 32.76 32.76 16.28 29.73 25.08 21.26 21.26 35.44 22.2 34.0 34.53 29.73 34.53 23.77 25.08 19.0 34.13 31.3 19.0 11.66 35.44 25.08 17.89 5.83 0.0 17.89 34.23 26.08 0.0 34.53
18.03 4.0 24.74 18.25 10.0 27.78 19.7 3.0 29.61 34.0 0.0 18.44 19.7 7.21 36.77 18.44 15.0 14.87 4.0 34.0 10.0 18.25 35.44 14.87 29.61 4.0 36.77 36.77 3.0 7.21 15.23 3.0 29.61 12.53 15.23 25.08 12.37 35.44 11.66 18.03 15.23 25.08 29.61 34.0 0.0 15.0 12.53 25.08 14.87 11.66 12.53 14.87 29.61 12.53 7.21 34.0 10.0 7.21 0.0 0.0 10.0 18.25 34.0 12.53 15.23 12.53 35.44 4.0 25.08 34.0 18.25 15.0 12.37 29.61 6.0 15.23 10.0 10.0 25.08 7.21 7.21 14.87 24.74 11.66 15.0 0.0 7.21 14.87 25.08 18.44 12.37 18.25 6.0 11.66 12.53 11.66 29.15 0.0 27.78 0.0 10.0 15.23 27.78 25.08 7.21 18.25 27.78 29.15 4.0 18.03 27.78 0.0 12.37 22.8 29.61 12.53 29.61 3.0 12.53 35.44 12.53 35.44 12.37 35.44 35.44 18.03 18.03 10.0 34.0 36.77 3.0 11.66 34.0 15.23 29.15 7.21 35.44 7.21 4.0 4.0 14.87 30.68 35.44 12.53 35.44 4.0 12.37 27.78 12.37 36.77 19.7 29.15 18.03 18.44 24.74 36.77 15.23 0.0 15.23 29.61 25.08 29.61 25.08 18.25 30.68 27.78 15.23 29.15 4.0 12.37 25.08 18.03 18.03 18.25 11.66 14.87 22.8 22.8 10.0 12.37 0.0 6.0 11.66 6.0 12.53 14.87 15.0 3.0 15.23 15.0 24.74 10.0 14.87 19.7 29.15 34.0 19.7 4.0 18.44 34.0 6.0
6.71 21.63 14.42 12.53 12.65 12.0 8.49 16.28 18.79 26.08 18.44 0.0 8.49 18.97 22.0 0.0 14.32 4.12 21.63 26.08 12.65 12.53 22.36 4.12 18.79 21.63 22.0 22.0 16.28 18.97 6.0 16.28 18.79 8.06 6.0 11.7 11.0 22.36 7.21 6.71 6.0 11.7 18.79 26.08 18.44 14.32 8.06 11.7 4.12 7.21 8.06 4.12 18.79 8.06 18.97 26.08 12.65 18.97 18.44 18.44 12.65 12.53 26.08 8.06 6.0 8.06 22.36 21.63 11.7 26.08 12.53 14.32 11.0 18.79 14.42 6.0 12.65 12.65 11.7 18.97 18.97 4.12 14.42 7.21 14.32 18.44 18.97 4.12 11.7 0.0 11.0 12.53 14.42 7.21 8.06 7.21 20.25 18.44 12.0 18.44 12.65 6.0 12.0 11.7 18.97 12.53 12.0 20.25 21.63 6.71 12.0 18.44 11.0 6.0 18.79 8.06 18.79 16.28 8.06 22.36 8.06 22.36 11.0 22.36 22.36 6.71 6.71 12.65 26.08 22.0 16.28 7.21 26.08 6.0 20.25 18.97 22.36 18.97 21.63 21.63 4.12 17.46 22.36 8.06 22.36 21.63 11.0 12.0 11.0 22.0 8.49 20.25 6.71 0.0 14.42 22.0 6.0 18.44 6.0 18.79 11.7 18.79 11.7 12.53 17.46 12.0 6.0 20.25 21.63 11.0 11.7 6.71 6.71 12.53 7.21 4.12 6.0 6.0 12.65 11.0 18.44 14.42 7.21 14.42 8.06 4.12 14.32 16.28 6.0 14.32 14.42 12.65 4.12 8.49 20.25 26.08 8.49 21.63 0.0 26.08 14.42
15.0 21.63 6.32 5.0 18.11 8.49 0.0 18.68 11.18 17.89 19.7 8.49 0.0 16.97 17.09 8.49 8.54 7.28 21.63 17.89 18.11 5.0 16.12 7.28 11.18 21.63 17.09 17.09 18.68 16.97 13.42 18.68 11.18 7.28 13.42 5.39 7.81 16.12 12.17 15.0 13.42 5.39 11.18 17.89 19.7 8.54 7.28 5.39 7.28 12.17 7.28 7.28 11.18 7.28 16.97 17.89 18.11 16.97 19.7 19.7 18.11 5.0 17.89 7.28 13.42 7.28 16.12 21.63 5.39 17.89 5.0 8.54 7.81 11.18 18.11 13.42 18.11 18.11 5.39 16.97 16.97 7.28 6.32 12.17 8.54 19.7 16.97 7.28 5.39 8.49 7.81 5.0 18.11 12.17 7.28 12.17 12.08 19.7 8.49 19.7 18.11 13.42 8.49 5.39 16.97 5.0 8.49 12.08 21.63 15.0 8.49 19.7 7.81 6.0 11.18 7.28 11.18 18.68 7.28 16.12 7.28 16.12 7.81 16.12 16.12 15.0 15.0 18.11 17.89 17.09 18.68 12.17 17.89 13.42 12.08 16.97 16.12 16.97 21.63 21.63 7.28 11.18 16.12 7.28 16.12 21.63 7.81 8.49 7.81 17.09 0.0 12.08 15.0 8.49 6.32 17.09 13.42 19.7 13.42 11.18 5.39 11.18 5.39 5.0 11.18 8.49 13.42 12.08 21.63 7.81 5.39 15.0 15.0 5.0 12.17 7.28 6.0 6.0 18.11 7.81 19.7 18.11 12.17 18.11 7.28 7.28 8.54 18.68 13.42 8.54 6.32 18.11 7.28 0.0 12.08 17.89 0.0 21.63 8.49 17.89 18.11
21.0 6.0 20.59 13.89 15.23 25.46 16.97 9.22 25.08 28.28 7.21 18.97 16.97 0.0 33.29 18.97 9.85 14.87 6.0 28.28 15.23 13.89 31.3 14.87 25.08 6.0 33.29 33.29 9.22 0.0 18.0 9.22 25.08 11.18 18.0 22.02 9.22 31.3 14.0 21.0 18.0 22.02 25.08 28.28 7.21 9.85 11.18 22.02 14.87 14.0 11.18 14.87 25.08 11.18 0.0 28.28 15.23 0.0 7.21 7.21 15.23 13.89 28.28 11.18 18.0 11.18 31.3 6.0 22.02 28.28 13.89 9.85 9.22 25.08 11.66 18.0 15.23 15.23 22.02 0.0 0.0 14.87 20.59 14.0 9.85 7.21 0.0 14.87 22.02 18.97 9.22 13.89 11.66 14.0 11.18 14.0 24.04 7.21 25.46 7.21 15.23 18.0 25.46 22.02 0.0 13.89 25.46 24.04 6.0 21.0 25.46 7.21 9.22 21.63 25.08 11.18 25.08 9.22 11.18 31.3 11.18 31.3 9.22 31.3 31.3 21.0 21.0 15.23 28.28 33.29 9.22 14.0 28.28 18.0 24.04 0.0 31.3 0.0 6.0 6.0 14.87 26.93 31.3 11.18 31.3 6.0 9.22 25.46 9.22 33.29 16.97 24.04 21.0 18.97 20.59 33.29 18.0 7.21 18.0 25.08 22.02 25.08 22.02 13.89 26.93 25.46 18.0 24.04 6.0 9.22 22.02 21.0 21.0 13.89 14.0 14.87 21.63 21.63 15.23 9.22 7.21 11.66 14.0 11.66 11.18 14.87 9.85 9.22 18.0 9.85 20.59 15.23 14.87 16.97 24.04 28.28 16.97 6.0 18.97 28.28 11.66
28.16 38.47 12.81 19.42 34.23 10.0 17.09 35.74 9.43 14.0 36.77 22.0 17.09 33.29 0.0 22.0 23.6 23.35 38.47 14.0 34.23 19.42 4.0 23.35 9.43 38.47 0.0 0.0 35.74 33.29 28.0 35.74 9.43 24.35 28.0 11.7 24.6 4.0 28.28 28.16 28.0 11.7 9.43 14.0 36.77 23.6 24.35 11.7 23.35 28.28 24.35 23.35 9.43 24.35 33.29 14.0 34.23 33.29 36.77 36.77 34.23 19.42 14.0 24.35 28.0 24.35 4.0 38.47 11.7 14.0 19.42 23.6 24.6 9.43 34.93 28.0 34.23 34.23 11.7 33.29 33.29 23.35 12.81 28.28 23.6 36.77 33.29 23.35 11.7 22.0 24.6 19.42 34.93 28.28 24.35 28.28 12.08 36.77 10.0 36.77 34.23 28.0 10.0 11.7 33.29 19.42 10.0 12.08 38.47 28.16 10.0 36.77 24.6 16.0 9.43 24.35 9.43 35.74 24.35 4.0 24.35 4.0 24.6 4.0 4.0 28.16 28.16 34.23 14.0 0.0 35.74 28.28 14.0 28.0 12.08 33.29 4.0 33.29 38.47 38.47 23.35 6.4 4.0 24.35 4.0 38.47 24.6 10.0 24.6 0.0 17.09 12.08 28.16 22.0 12.81 0.0 28.0 36.77 28.0 9.43 11.7 9.43 11.7 19.42 6.4 10.0 28.0 12.08 38.47 24.6 11.7 28.16 28.16 19.42 28.28 23.35 16.0 16.0 34.23 24.6 36.77 34.93 28.28 34.93 24.35 23.35 23.6 35.74 28.0 23.6 12.81 34.23 23.35 17.09 12.08 14.0 17.09 38.47 22.0 14.0 34.93
6.71 21.63 14.42 12.53 12.65 12.0 8.49 16.28 18.79 26.08 18.44 0.0 8.49 18.97 22.0 0.0 14.32 4.12 21.63 26.08 12.65 12.53 22.36 4.12 18.79 21.63 22.0 22.0 16.28 18.97 6.0 16.28 18.79 8.06 6.0 11.7 11.0 22.36 7.21 6.71 6.0 11.7 18.79 26.08 18.44 14.32 8.06 11.7 4.12 7.21 8.06 4.12 18.79 8.06 18.97 26.08 12.65 18.97 18.44 18.44 12.65 12.53 26.08 8.06 6.0 8.06 22.36 21.63 11.7 26.08 12.53 14.32 11.0 18.79 14.42 6.0 12.65 12.65 11.7 18.97 18.97 4.12 14.42 7.21 14.32 18.44 18.97 4.12 11.7 0.0 11.0 12.53 14.42 7.21 8.06 7.21 20.25 18.44 12.0 18.44 12.65 6.0 12.0 11.7 18.97 12.53 12.0 20.25 21.63 6.71 12.0 18.44 11.0 6.0 18.79 8.06 18.79 16.28 8.06 22.36 8.06 22.36 11.0 22.36 22.36 6.71 6.71 12.65 26.08 22.0 16.28 7.21 26.08 6.0 20.25 18.97 22.36 18.97 21.63 21.63 4.12 17.46 22.36 8.06 22.36 21.63 11.0 12.0 11.0 22.0 8.49 20.25 6.71 0.0 14.42 22.0 6.0 18.44 6.0 18.79 11.7 18.79 11.7 12.53 17.46 12.0 6.0 20.25 21.63 11.0 11.7 6.71 6.71 12.53 7.21 4.12 6.0 6.0 12.65 11.0 18.44 14.42 7.21 14.42 8.06 4.12 14.32 16.28 6.0 14.32 14.42 12.65 4.12 8.49 20.25 26.08 8.49 21.63 0.0 26.08 14.42
19.24 15.52 10.82 4.24 18.03 16.64 8.54 15.3 15.23 19.0 15.0 14.32 8.54 9.85 23.6 14.32 0.0 10.77 15.52 19.0 18.03 4.24 21.47 10.77 15.23 15.52 23.6 23.6 15.3 9.85 16.64 15.3 15.23 7.21 16.64 12.81 4.24 21.47 13.45 19.24 16.64 12.81 15.23 19.0 15.0 0.0 7.21 12.81 10.77 13.45 7.21 10.77 15.23 7.21 9.85 19.0 18.03 9.85 15.0 15.0 18.03 4.24 19.0 7.21 16.64 7.21 21.47 15.52 12.81 19.0 4.24 0.0 4.24 15.23 16.16 16.64 18.03 18.03 12.81 9.85 9.85 10.77 10.82 13.45 0.0 15.0 9.85 10.77 12.81 14.32 4.24 4.24 16.16 13.45 7.21 13.45 14.32 15.0 16.64 15.0 18.03 16.64 16.64 12.81 9.85 4.24 16.64 14.32 15.52 19.24 16.64 15.0 4.24 14.32 15.23 7.21 15.23 15.3 7.21 21.47 7.21 21.47 4.24 21.47 21.47 19.24 19.24 18.03 19.0 23.6 15.3 13.45 19.0 16.64 14.32 9.85 21.47 9.85 15.52 15.52 10.77 17.2 21.47 7.21 21.47 15.52 4.24 16.64 4.24 23.6 8.54 14.32 19.24 14.32 10.82 23.6 16.64 15.0 16.64 15.23 12.81 15.23 12.81 4.24 17.2 16.64 16.64 14.32 15.52 4.24 12.81 19.24 19.24 4.24 13.45 10.77 14.32 14.32 18.03 4.24 15.0 16.16 13.45 16.16 7.21 10.77 0.0 15.3 16.64 0.0 10.82 18.03 10.77 8.54 14.32 19.0 8.54 15.52 14.32 19.0 16.16
8.6 17.8 13.6 9.9 11.0 13.6 7.28 13.04 18.44 25.08 14.87 4.12 7.28 14.87 23.35 4.12 10.77 0.0 17.8 25.08 11.0 9.9 23.0 0.0 18.44 17.8 23.35 23.35 13.04 14.87 6.4 13.04 18.44 4.0 6.4 12.0 7.07 23.0 5.0 8.6 6.4 12.0 18.44 25.08 14.87 10.77 4.0 12.0 0.0 5.0 4.0 0.0 18.44 4.0 14.87 25.08 11.0 14.87 14.87 14.87 11.0 9.9 25.08 4.0 6.4 4.0 23.0 17.8 12.0 25.08 9.9 10.77 7.07 18.44 11.7 6.4 11.0 11.0 12.0 14.87 14.87 0.0 13.6 5.0 10.77 14.87 14.87 0.0 12.0 4.12 7.07 9.9 11.7 5.0 4.0 5.0 19.31 14.87 13.6 14.87 11.0 6.4 13.6 12.0 14.87 9.9 13.6 19.31 17.8 8.6 13.6 14.87 7.07 8.06 18.44 4.0 18.44 13.04 4.0 23.0 4.0 23.0 7.07 23.0 23.0 8.6 8.6 11.0 25.08 23.35 13.04 5.0 25.08 6.4 19.31 14.87 23.0 14.87 17.8 17.8 0.0 18.0 23.0 4.0 23.0 17.8 7.07 13.6 7.07 23.35 7.28 19.31 8.6 4.12 13.6 23.35 6.4 14.87 6.4 18.44 12.0 18.44 12.0 9.9 18.0 13.6 6.4 19.31 17.8 7.07 12.0 8.6 8.6 9.9 5.0 0.0 8.06 8.06 11.0 7.07 14.87 11.7 5.0 11.7 4.0 0.0 10.77 13.04 6.4 10.77 13.6 11.0 0.0 7.28 19.31 25.08 7.28 17.8 4.12 25.08 11.7
21.84 0.0 26.0 19.31 14.0 30.0 21.63 7.0 30.68 34.23 4.0 21.63 21.63 6.0 38.47 21.63 15.52 17.8 0.0 34.23 14.0 19.31 36.77 17.8 30.68 0.0 38.47 38.47 7.0 6.0 18.97 7.0 30.68 14.87 18.97 26.93 13.89 36.77 15.23 21.84 18.97 26.93 30.68 34.23 4.0 15.52 14.87 26.93 17.8 15.23 14.87 17.8 30.68 14.87 6.0 34.23 14.0 6.0 4.0 4.0 14.0 19.31 34.23 14.87 18.97 14.87 36.77 0.0 26.93 34.23 19.31 15.52 13.89 30.68 10.0 18.97 14.0 14.0 26.93 6.0 6.0 17.8 26.0 15.23 15.52 4.0 6.0 17.8 26.93 21.63 13.89 19.31 10.0 15.23 14.87 15.23 29.83 4.0 30.0 4.0 14.0 18.97 30.0 26.93 6.0 19.31 30.0 29.83 0.0 21.84 30.0 4.0 13.89 25.46 30.68 14.87 30.68 7.0 14.87 36.77 14.87 36.77 13.89 36.77 36.77 21.84 21.84 14.0 34.23 38.47 7.0 15.23 34.23 18.97 29.83 6.0 36.77 6.0 0.0 0.0 17.8 32.2 36.77 14.87 36.77 0.0 13.89 30.0 13.89 38.47 21.63 29.83 21.84 21.63 26.0 38.47 18.97 4.0 18.97 30.68 26.93 30.68 26.93 19.31 32.2 30.0 18.97 29.83 0.0 13.89 26.93 21.84 21.84 19.31 15.23 17.8 25.46 25.46 14.0 13.89 4.0 10.0 15.23 10.0 14.87 17.8 15.52 7.0 18.97 15.52 26.0 14.0 17.8 21.63 29.83 34.23 21.63 0.0 21.63 34.23 10.0
32.76 34.23 11.66 16.28 35.44 17.2 17.89 34.13 7.81 0.0 34.0 26.08 17.89 28.28 14.0 26.08 19.0 25.08 34.23 0.0 35.44 16.28 10.0 25.08 7.81 34.23 14.0 14.0 34.13 28.28 31.3 34.13 7.81 23.77 31.3 14.87 22.2 10.0 29.73 32.76 31.3 14.87 7.81 0.0 34.0 19.0 23.77 14.87 25.08 29.73 23.77 25.08 7.81 23.77 28.28 0.0 35.44 28.28 34.0 34.0 35.44 16.28 0.0 23.77 31.3 23.77 10.0 34.23 14.87 0.0 16.28 19.0 22.2 7.81 34.53 31.3 35.44 35.44 14.87 28.28 28.28 25.08 11.66 29.73 19.0 34.0 28.28 25.08 14.87 26.08 22.2 16.28 34.53 29.73 23.77 29.73 5.83 34.0 17.2 34.0 35.44 31.3 17.2 14.87 28.28 16.28 17.2 5.83 34.23 32.76 17.2 34.0 22.2 21.26 7.81 23.77 7.81 34.13 23.77 10.0 23.77 10.0 22.2 10.0 10.0 32.76 32.76 35.44 0.0 14.0 34.13 29.73 0.0 31.3 5.83 28.28 10.0 28.28 34.23 34.23 25.08 11.18 10.0 23.77 10.0 34.23 22.2 17.2 22.2 14.0 17.89 5.83 32.76 26.08 11.66 14.0 31.3 34.0 31.3 7.81 14.87 7.81 14.87 16.28 11.18 17.2 31.3 5.83 34.23 22.2 14.87 32.76 32.76 16.28 29.73 25.08 21.26 21.26 35.44 22.2 34.0 34.53 29.73 34.53 23.77 25.08 19.0 34.13 31.3 19.0 11.66 35.44 25.08 17.89 5.83 0.0 17.89 34.23 26.08 0.0 34.53
9.22 14.0 24.33 19.31 0.0 24.33 18.11 7.0 29.27 35.44 10.0 12.65 18.11 15.23 34.23 12.65 18.03 11.0 14.0 35.44 0.0 19.31 34.0 11.0 29.27 14.0 34.23 34.23 7.0 15.23 7.21 7.0 29.27 11.7 7.21 23.0 13.89 34.0 6.0 9.22 7.21 23.0 29.27 35.44 10.0 18.03 11.7 23.0 11.0 6.0 11.7 11.0 29.27 11.7 15.23 35.44 0.0 15.23 10.0 10.0 0.0 19.31 35.44 11.7 7.21 11.7 34.0 14.0 23.0 35.44 19.31 18.03 13.89 29.27 4.0 7.21 0.0 0.0 23.0 15.23 15.23 11.0 24.33 6.0 18.03 10.0 15.23 11.0 23.0 12.65 13.89 19.31 4.0 6.0 11.7 6.0 29.83 10.0 24.33 10.0 0.0 7.21 24.33 23.0 15.23 19.31 24.33 29.83 14.0 9.22 24.33 10.0 13.89 18.44 29.27 11.7 29.27 7.0 11.7 34.0 11.7 34.0 13.89 34.0 34.0 9.22 9.22 0.0 35.44 34.23 7.0 6.0 35.44 7.21 29.83 15.23 34.0 15.23 14.0 14.0 11.0 29.0 34.0 11.7 34.0 14.0 13.89 24.33 13.89 34.23 18.11 29.83 9.22 12.65 24.33 34.23 7.21 10.0 7.21 29.27 23.0 29.27 23.0 19.31 29.0 24.33 7.21 29.83 14.0 13.89 23.0 9.22 9.22 19.31 6.0 11.0 18.44 18.44 0.0 13.89 10.0 4.0 6.0 4.0 11.7 11.0 18.03 7.0 7.21 18.03 24.33 0.0 11.0 18.11 29.83 35.44 18.11 14.0 12.65 35.44 4.0
18.44 19.31 6.71 0.0 19.31 12.53 5.0 18.0 11.4 16.28 18.25 12.53 5.0 13.89 19.42 12.53 4.24 9.9 19.31 16.28 19.31 0.0 17.46 9.9 11.4 19.31 19.42 19.42 18.0 13.89 16.28 18.0 11.4 7.62 16.28 8.6 6.0 17.46 13.89 18.44 16.28 8.6 11.4 16.28 18.25 4.24 7.62 8.6 9.9 13.89 7.62 9.9 11.4 7.62 13.89 16.28 19.31 13.89 18.25 18.25 19.31 0.0 16.28 7.62 16.28 7.62 17.46 19.31 8.6 16.28 0.0 4.24 6.0 11.4 18.25 16.28 19.31 19.31 8.6 13.89 13.89 9.9 6.71 13.89 4.24 18.25 13.89 9.9 8.6 12.53 6.0 0.0 18.25 13.89 7.62 13.89 11.0 18.25 12.53 18.25 19.31 16.28 12.53 8.6 13.89 0.0 12.53 11.0 19.31 18.44 12.53 18.25 6.0 11.0 11.4 7.62 11.4 18.0 7.62 17.46 7.62 17.46 6.0 17.46 17.46 18.44 18.44 19.31 16.28 19.42 18.0 13.89 16.28 16.28 11.0 13.89 17.46 13.89 19.31 19.31 9.9 13.04 17.46 7.62 17.46 19.31 6.0 12.53 6.0 19.42 5.0 11.0 18.44 12.53 6.71 19.42 16.28 18.25 16.28 11.4 8.6 11.4 8.6 0.0 13.04 12.53 16.28 11.0 19.31 6.0 8.6 18.44 18.44 0.0 13.89 9.9 11.0 11.0 19.31 6.0 18.25 18.25 13.89 18.25 7.62 9.9 4.24 18.0 16.28 4.24 6.71 19.31 9.9 5.0 11.0 16.28 5.0 19.31 12.53 16.28 18.25
28.86 36.77 10.77 17.46 34.0 10.77 16.12 34.71 6.4 10.0 35.44 22.36 16.12 31.3 4.0 22.36 21.47 23.0 36.77 10.0 34.0 17.46 0.0 23.0 6.4 36.77 4.0 4.0 34.71 31.3 28.28 34.71 6.4 23.35 28.28 11.0 23.09 0.0 28.0 28.86 28.28 11.0 6.4 10.0 35.44 21.47 23.35 11.0 23.0 28.0 23.35 23.0 6.4 23.35 31.3 10.0 34.0 31.3 35.44 35.44 34.0 17.46 10.0 23.35 28.28 23.35 0.0 36.77 11.0 10.0 17.46 21.47 23.09 6.4 34.23 28.28 34.0 34.0 11.0 31.3 31.3 23.0 10.77 28.0 21.47 35.44 31.3 23.0 11.0 22.36 23.09 17.46 34.23 28.0 23.35 28.0 8.6 35.44 10.77 35.44 34.0 28.28 10.77 11.0 31.3 17.46 10.77 8.6 36.77 28.86 10.77 35.44 23.09 16.49 6.4 23.35 6.4 34.71 23.35 0.0 23.35 0.0 23.09 0.0 0.0 28.86 28.86 34.0 10.0 4.0 34.71 28.0 10.0 28.28 8.6 31.3 0.0 31.3 36.77 36.77 23.0 5.0 0.0 23.35 0.0 36.77 23.09 10.77 23.09 4.0 16.12 8.6 28.86 22.36 10.77 4.0 28.28 35.44 28.28 6.4 11.0 6.4 11.0 17.46 5.0 10.77 28.28 8.6 36.77 23.09 11.0 28.86 28.86 17.46 28.0 23.0 16.49 16.49 34.0 23.09 35.44 34.23 28.0 34.23 23.35 23.0 21.47 34.71 28.28 21.47 10.77 34.0 23.0 16.12 8.6 10.0 16.12 36.77 22.36 10.0 34.23
8.6 17.8 13.6 9.9 11.0 13.6 7.28 13.04 18.44 25.08 14.87 4.12 7.28 14.87 23.35 4.12 10.77 0.0 17.8 25.08 11.0 9.9 23.0 0.0 18.44 17.8 23.35 23.35 13.04 14.87 6.4 13.04 18.44 4.0 6.4 12.0 7.07 23.0 5.0 8.6 6.4 12.0 18.44 25.08 14.87 10.77 4.0 12.0 0.0 5.0 4.0 0.0 18.44 4.0 14.87 25.08 11.0 14.87 14.87 14.87 11.0 9.9 25.08 4.0 6.4 4.0 23.0 17.8 12.0 25.08 9.9 10.77 7.07 18.44 11.7 6.4 11.0 11.0 12.0 14.87 14.87 0.0 13.6 5.0 10.77 14.87 14.87 0.0 12.0 4.12 7.07 9.9 11.7 5.0 4.0 5.0 19.31 14.87 13.6 14.87 11.0 6.4 13.6 12.0 14.87 9.9 13.6 19.31 17.8 8.6 13.6 14.87 7.07 8.06 18.44 4.0 18.44 13.04 4.0 23.0 4.0 23.0 7.07 23.0 23.0 8.6 8.6 11.0 25.08 23.35 13.04 5.0 25.08 6.4 19.31 14.87 23.0 14.87 17.8 17.8 0.0 18.0 23.0 4.0 23.0 17.8 7.07 13.6 7.07 23.35 7.28 19.31 8.6 4.12 13.6 23.35 6.4 14.87 6.4 18.44 12.0 18.44 12.0 9.9 18.0 13.6 6.4 19.31 17.8 7.07 12.0 8.6 8.6 9.9 5.0 0.0 8.06 8.06 11.0 7.07 14.87 11.7 5.0 11.7 4.0 0.0 10.77 13.04 6.4 10.77 13.6 11.0 0.0 7.28 19.31 25.08 7.28 17.8 4.12 25.08 11.7
25.5 30.68 5.0 11.4 29.27 9.43 11.18 29.15 0.0 7.81 29.61 18.79 11.18 25.08 9.43 18.79 15.23 18.44 30.68 7.81 29.27 11.4 6.4 18.44 0.0 30.68 9.43 9.43 29.15 25.08 24.35 29.15 0.0 18.0 24.35 7.21 17.26 6.4 23.35 25.5 24.35 7.21 0.0 7.81 29.61 15.23 18.0 7.21 18.44 23.35 18.0 18.44 0.0 18.0 25.08 7.81 29.27 25.08 29.61 29.61 29.27 11.4 7.81 18.0 24.35 18.0 6.4 30.68 7.21 7.81 11.4 15.23 17.26 0.0 29.0 24.35 29.27 29.27 7.21 25.08 25.08 18.44 5.0 23.35 15.23 29.61 25.08 18.44 7.21 18.79 17.26 11.4 29.0 23.35 18.0 23.35 3.0 29.61 9.43 29.61 29.27 24.35 9.43 7.21 25.08 11.4 9.43 3.0 30.68 25.5 9.43 29.61 17.26 13.6 0.0 18.0 0.0 29.15 18.0 6.4 18.0 6.4 17.26 6.4 6.4 25.5 25.5 29.27 7.81 9.43 29.15 23.35 7.81 24.35 3.0 25.08 6.4 25.08 30.68 30.68 18.44 4.0 6.4 18.0 6.4 30.68 17.26 9.43 17.26 9.43 11.18 3.0 25.5 18.79 5.0 9.43 24.35 29.61 24.35 0.0 7.21 0.0 7.21 11.4 4.0 9.43 24.35 3.0 30.68 17.26 7.21 25.5 25.5 11.4 23.35 18.44 13.6 13.6 29.27 17.26 29.61 29.0 23.35 29.0 18.0 18.44 15.23 29.15 24.35 15.23 5.0 29.27 18.44 11.18 3.0 7.81 11.18 30.68 18.79 7.81 29.0
21.84 0.0 26.0 19.31 14.0 30.0 21.63 7.0 30.68 34.23 4.0 21.63 21.63 6.0 38.47 21.63 15.52 17.8 0.0 34.23 14.0 19.31 36.77 17.8 30.68 0.0 38.47 38.47 7.0 6.0 18.97 7.0 30.68 14.87 18.97 26.93 13.89 36.77 15.23 21.84 18.97 26.93 30.68 34.23 4.0 15.52 14.87 26.93 17.8 15.23 14.87 17.8 30.68 14.87 6.0 34.23 14.0 6.0 4.0 4.0 14.0 19.31 34.23 14.87 18.97 14.87 36.77 0.0 26.93 34.23 19.31 15.52 13.89 30.68 10.0 18.97 14.0 14.0 26.93 6.0 6.0 17.8 26.0 15.23 15.52 4.0 6.0 17.8 26.93 21.63 13.89 19.31 10.0 15.23 14.87 15.23 29.83 4.0 30.0 4.0 14.0 18.97 30.0 26.93 6.0 19.31 30.0 29.83 0.0 21.84 30.0 4.0 13.89 25.46 30.68 14.87 30.68 7.0 14.87 36.77 14.87 36.77 13.89 36.77 36.77 21.84 21.84 14.0 34.23 38.47 7.0 15.23 34.23 18.97 29.83 6.0 36.77 6.0 0.0 0.0 17.8 32.2 36.77 14.87 36.77 0.0 13.89 30.0 13.89 38.47 21.63 29.83 21.84 21.63 26.0 38.47 18.97 4.0 18.97 30.68 26.93 30.68 26.93 19.31 32.2 30.0 18.97 29.83 0.0 13.89 26.93 21.84 21.84 19.31 15.23 17.8 25.46 25.46 14.0 13.89 4.0 10.0 15.23 10.0 14.87 17.8 15.52 7.0 18.97 15.52 26.0 14.0 17.8 21.63 29.83 34.23 21.63 0.0 21.63 34.23 10.0
28.16 38.47 12.81 19.42 34.23 10.0 17.09 35.74 9.43 14.0 36.77 22.0 17.09 33.29 0.0 22.0 23.6 23.35 38.47 14.0 34.23 19.42 4.0 23.35 9.43 38.47 0.0 0.0 35.74 33.29 28.0 35.74 9.43 24.35 28.0 11.7 24.6 4.0 28.28 28.16 28.0 11.7 9.43 14.0 36.77 23.6 24.35 11.7 23.35 28.28 24.35 23.35 9.43 24.35 33.29 14.0 34.23 33.29 36.77 36.77 34.23 19.42 14.0 24.35 28.0 24.35 4.0 38.47 11.7 14.0 19.42 23.6 24.6 9.43 34.93 28.0 34.23 34.23 11.7 33.29 33.29 23.35 12.81 28.28 23.6 36.77 33.29 23.35 11.7 22.0 24.6 19.42 34.93 28.28 24.35 28.28 12.08 36.77 10.0 36.77 34.23 28.0 10.0 11.7 33.29 19.42 10.0 12.08 38.47 28.16 10.0 36.77 24.6 16.0 9.43 24.35 9.43 35.74 24.35 4.0 24.35 4.0 24.6 4.0 4.0 28.16 28.16 34.23 14.0 0.0 35.74 28.28 14.0 28.0 12.08 33.29 4.0 33.29 38.47 38.47 23.35 6.4 4.0 24.35 4.0 38.47 24.6 10.0 24.6 0.0 17.09 12.08 28.16 22.0 12.81 0.0 28.0 36.77 28.0 9.43 11.7 9.43 11.7 19.42 6.4 10.0 28.0 12.08 38.47 24.6 11.7 28.16 28.16 19.42 28.28 23.35 16.0 16.0 34.23 24.6 36.77 34.93 28.28 34.93 24.35 23.35 23.6 35.74 28.0 23.6 12.81 34.23 23.35 17.09 12.08 14.0 17.09 38.47 22.0 14.0 34.93
28.16 38.47 12.81 19.42 34.23 10.0 17.09 35.74 9.43 14.0 36.77 22.0 17.09 33.29 0.0 22.0 23.6 23.35 38.47 14.0 34.23 19.42 4.0 23.35 9.43 38.47 0.0 0.0 35.74 33.29 28.0 35.74 9.43 24.35 28.0 11.7 24.6 4.0 28.28 28.16 28.0 11.7 9.43 14.0 36.77 23.6 24.35 11.7 23.35 28.28 24.35 23.35 9.43 24.35 33.29 14.0 34.23 33.29 36.77 36.77 34.23 19.42 14.0 24.35 28.0 24.35 4.0 38.47 11.7 14.0 19.42 23.6 24.6 9.43 34.93 28.0 34.23 34.23 11.7 33.29 33.29 23.35 12.81 28.28 23.6 36.77 33.29 23.35 11.7 22.0 24.6 19.42 34.93 28.28 24.35 28.28 12.08 36.77 10.0 36.77 34.23 28.0 10.0 11.7 33.29 19.42 10.0 12.08 38.47 28.16 10.0 36.77 24.6 16.0 9.43 24.35 9.43 35.74 24.35 4.0 24.35 4.0 24.6 4.0 4.0 28.16 28.16 34.23 14.0 0.0 35.74 28.28 14.0 28.0 12.08 33.29 4.0 33.29 38.47 38.47 23.35 6.4 4.0 24.35 4.0 38.47 24.6 10.0 24.6 0.0 17.09 12.08 28.16 22.0 12.81 0.0 28.0 36.77 28.0 9.43 11.7 9.43 11.7 19.42 6.4 10.0 28.0 12.08 38.47 24.6 11.7 28.16 28.16 19.42 28.28 23.35 16.0 16.0 34.23 24.6 36.77 34.93 28.28 34.93 24.35 23.35 23.6 35.74 28.0 23.6 12.81 34.23 23.35 17.09 12.08 14.0 17.09 38.47 22.0 14.0 34.93
15.23 7.0 24.19 18.0 7.0 26.4 18.68 0.0 29.15 34.13 3.0 16.28 18.68 9.22 35.74 16.28 15.3 13.04 7.0 34.13 7.0 18.0 34.71 13.04 29.15 7.0 35.74 35.74 0.0 9.22 12.53 0.0 29.15 11.4 12.53 24.04 12.0 34.71 9.22 15.23 12.53 24.04 29.15 34.13 3.0 15.3 11.4 24.04 13.04 9.22 11.4 13.04 29.15 11.4 9.22 34.13 7.0 9.22 3.0 3.0 7.0 18.0 34.13 11.4 12.53 11.4 34.71 7.0 24.04 34.13 18.0 15.3 12.0 29.15 3.0 12.53 7.0 7.0 24.04 9.22 9.22 13.04 24.19 9.22 15.3 3.0 9.22 13.04 24.04 16.28 12.0 18.0 3.0 9.22 11.4 9.22 29.0 3.0 26.4 3.0 7.0 12.53 26.4 24.04 9.22 18.0 26.4 29.0 7.0 15.23 26.4 3.0 12.0 21.1 29.15 11.4 29.15 0.0 11.4 34.71 11.4 34.71 12.0 34.71 34.71 15.23 15.23 7.0 34.13 35.74 0.0 9.22 34.13 12.53 29.0 9.22 34.71 9.22 7.0 7.0 13.04 29.83 34.71 11.4 34.71 7.0 12.0 26.4 12.0 35.74 18.68 29.0 15.23 16.28 24.19 35.74 12.53 3.0 12.53 29.15 24.04 29.15 24.04 18.0 29.83 26.4 12.53 29.0 7.0 12.0 24.04 15.23 15.23 18.0 9.22 13.04 21.1 21.1 7.0 12.0 3.0 3.0 9.22 3.0 11.4 13.04 15.3 0.0 12.53 15.3 24.19 7.0 13.04 18.68 29.0 34.13 18.68 7.0 16.28 34.13 3.0
21.0 6.0 20.59 13.89 15.23 25.46 16.97 9.22 25.08 28.28 7.21 18.97 16.97 0.0 33.29 18.97 9.85 14.87 6.0 28.28 15.23 13.89 31.3 14.87 25.08 6.0 33.29 33.29 9.22 0.0 18.0 9.22 25.08 11.18 18.0 22.02 9.22 31.3 14.0 21.0 18.0 22.02 25.08 28.28 7.21 9.85 11.18 22.02 14.87 14.0 11.18 14.87 25.08 11.18 0.0 28.28 15.23 0.0 7.21 7.21 15.23 13.89 28.28 11.18 18.0 11.18 31.3 6.0 22.02 28.28 13.89 9.85 9.22 25.08 11.66 18.0 15.23 15.23 22.02 0.0 0.0 14.87 20.59 14.0 9.85 7.21 0.0 14.87 22.02 18.97 9.22 13.89 11.66 14.0 11.18 14.0 24.04 7.21 25.46 7.21 15.23 18.0 25.46 22.02 0.0 13.89 25.46 24.04 6.0 21.0 25.46 7.21 9.22 21.63 25.08 11.18 25.08 9.22 11.18 31.3 11.18 31.3 9.22 31.3 31.3 21.0 21.0 15.23 28.28 33.29 9.22 14.0 28.28 18.0 24.04 0.0 31.3 0.0 6.0 6.0 14.87 26.93 31.3 11.18 31.3 6.0 9.22 25.46 9.22 33.29 16.97 24.04 21.0 18.97 20.59 33.29 18.0 7.21 18.0 25.08 22.02 25.08 22.02 13.89 26.93 25.46 18.0 24.04 6.0 9.22 22.02 21.0 21.0 13.89 14.0 14.87 21.63 21.63 15.23 9.22 7.21 11.66 14.0 11.66 11.18 14.87 9.85 9.22 18.0 9.85 20.59 15.23 14.87 16.97 24.04 28.28 16.97 6.0 18.97 28.28 11.66
3.0 18.97 19.7 16.28 7.21 18.0 13.42 12.53 24.35 31.3 15.23 6.0 13.42 18.0 28.0 6.0 16.64 6.4 18.97 31.3 7.21 16.28 28.28 6.4 24.35 18.97 28.0 28.0 12.53 18.0 0.0 12.53 24.35 9.43 0.0 17.46 12.53 28.28 4.0 3.0 0.0 17.46 24.35 31.3 15.23 16.64 9.43 17.46 6.4 4.0 9.43 6.4 24.35 9.43 18.0 31.3 7.21 18.0 15.23 15.23 7.21 16.28 31.3 9.43 0.0 9.43 28.28 18.97 17.46 31.3 16.28 16.64 12.53 24.35 10.0 0.0 7.21 7.21 17.46 18.0 18.0 6.4 19.7 4.0 16.64 15.23 18.0 6.4 17.46 6.0 12.53 16.28 10.0 4.0 9.43 4.0 25.5 15.23 18.0 15.23 7.21 0.0 18.0 17.46 18.0 16.28 18.0 25.5 18.97 3.0 18.0 15.23 12.53 12.0 24.35 9.43 24.35 12.53 9.43 28.28 9.43 28.28 12.53 28.28 28.28 3.0 3.0 7.21 31.3 28.0 12.53 4.0 31.3 0.0 25.5 18.0 28.28 18.0 18.97 18.97 6.4 23.35 28.28 9.43 28.28 18.97 12.53 18.0 12.53 28.0 13.42 25.5 3.0 6.0 19.7 28.0 0.0 15.23 0.0 24.35 17.46 24.35 17.46 16.28 23.35 18.0 0.0 25.5 18.97 12.53 17.46 3.0 3.0 16.28 4.0 6.4 12.0 12.0 7.21 12.53 15.23 10.0 4.0 10.0 9.43 6.4 16.64 12.53 0.0 16.64 19.7 7.21 6.4 13.42 25.5 31.3 13.42 18.97 6.0 31.3 10.0
15.23 7.0 24.19 18.0 7.0 26.4 18.68 0.0 29.15 34.13 3.0 16.28 18.68 9.22 35.74 16.28 15.3 13.04 7.0 34.13 7.0 18.0 34.71 13.04 29.15 7.0 35.74 35.74 0.0 9.22 12.53 0.0 29.15 11.4 12.53 24.04 12.0 34.71 9.22 15.23 12.53 24.04 29.15 34.13 3.0 15.3 11.4 24.04 13.04 9.22 11.4 13.04 29.15 11.4 9.22 34.13 7.0 9.22 3.0 3.0 7.0 18.0 34.13 11.4 12.53 11.4 34.71 7.0 24.04 34.13 18.0 15.3 12.0 29.15 3.0 12.53 7.0 7.0 24.04 9.22 9.22 13.04 24.19 9.22 15.3 3.0 9.22 13.04 24.04 16.28 12.0 18.0 3.0 9.22 11.4 9.22 29.0 3.0 26.4 3.0 7.0 12.53 26.4 24.04 9.22 18.0 26.4 29.0 7.0 15.23 26.4 3.0 12.0 21.1 29.15 11.4 29.15 0.0 11.4 34.71 11.4 34.71 12.0 34.71 34.71 15.23 15.23 7.0 34.13 35.74 0.0 9.22 34.13 12.53 29.0 9.22 34.71 9.22 7.0 7.0 13.04 29.83 34.71 11.4 34.71 7.0 12.0 26.4 12.0 35.74 18.68 29.0 15.23 16.28 24.19 35.74 12.53 3.0 12.53 29.15 24.04 29.15 24.04 18.0 29.83 26.4 12.53 29.0 7.0 12.0 24.04 15.23 15.23 18.0 9.22 13.04 21.1 21.1 7.0 12.0 3.0 3.0 9.22 3.0 11.4 13.04 15.3 0.0 12.53 15.3 24.19 7.0 13.04 18.68 29.0 34.13 18.68 7.0 16.28 34.13 3.0
25.5 30.68 5.0 11.4 29.27 9.43 11.18 29.15 0.0 7.81 29.61 18.79 11.18 25.08 9.43 18.79 15.23 18.44 30.68 7.81 29.27 11.4 6.4 18.44 0.0 30.68 9.43 9.43 29.15 25.08 24.35 29.15 0.0 18.0 24.35 7.21 17.26 6.4 23.35 25.5 24.35 7.21 0.0 7.81 29.61 15.23 18.0 7.21 18.44 23.35 18.0 18.44 0.0 18.0 25.08 7.81 29.27 25.08 29.61 29.61 29.27 11.4 7.81 18.0 24.35 18.0 6.4 30.68 7.21 7.81 11.4 15.23 17.26 0.0 29.0 24.35 29.27 29.27 7.21 25.08 25.08 18.44 5.0 23.35 15.23 29.61 25.08 18.44 7.21 18.79 17.26 11.4 29.0 23.35 18.0 23.35 3.0 29.61 9.43 29.61 29.27 24.35 9.43 7.21 25.08 11.4 9.43 3.0 30.68 25.5 9.43 29.61 17.26 13.6 0.0 18.0 0.0 29.15 18.0 6.4 18.0 6.4 17.26 6.4 6.4 25.5 25.5 29.27 7.81 9.43 29.15 23.35 7.81 24.35 3.0 25.08 6.4 25.08 30.68 30.68 18.44 4.0 6.4 18.0 6.4 30.68 17.26 9.43 17.26 9.43 11.18 3.0 25.5 18.79 5.0 9.43 24.35 29.61 24.35 0.0 7.21 0.0 7.21 11.4 4.0 9.43 24.35 3.0 30.68 17.26 7.21 25.5 25.5 11.4 23.35 18.44 13.6 13.6 29.27 17.26 29.61 29.0 23.35 29.0 18.0 18.44 15.23 29.15 24.35 15.23 5.0 29.27 18.44 11.18 3.0 7.81 11.18 30.68 18.79 7.81 29.0
12.08 14.87 13.0 7.62 11.7 15.26 7.28 11.4 18.0 23.77 12.53 8.06 7.28 11.18 24.35 8.06 7.21 4.0 14.87 23.77 11.7 7.62 23.35 4.0 18.0 14.87 24.35 24.35 11.4 11.18 9.43 11.4 18.0 0.0 9.43 12.65 3.16 23.35 6.4 12.08 9.43 12.65 18.0 23.77 12.53 7.21 0.0 12.65 4.0 6.4 0.0 4.0 18.0 0.0 11.18 23.77 11.7 11.18 12.53 12.53 11.7 7.62 23.77 0.0 9.43 0.0 23.35 14.87 12.65 23.77 7.62 7.21 3.16 18.0 11.0 9.43 11.7 11.7 12.65 11.18 11.18 4.0 13.0 6.4 7.21 12.53 11.18 4.0 12.65 8.06 3.16 7.62 11.0 6.4 0.0 6.4 18.25 12.53 15.26 12.53 11.7 9.43 15.26 12.65 11.18 7.62 15.26 18.25 14.87 12.08 15.26 12.53 3.16 10.63 18.0 0.0 18.0 11.4 0.0 23.35 0.0 23.35 3.16 23.35 23.35 12.08 12.08 11.7 23.77 24.35 11.4 6.4 23.77 9.43 18.25 11.18 23.35 11.18 14.87 14.87 4.0 18.44 23.35 0.0 23.35 14.87 3.16 15.26 3.16 24.35 7.28 18.25 12.08 8.06 13.0 24.35 9.43 12.53 9.43 18.0 12.65 18.0 12.65 7.62 18.44 15.26 9.43 18.25 14.87 3.16 12.65 12.08 12.08 7.62 6.4 4.0 10.63 10.63 11.7 3.16 12.53 11.0 6.4 11.0 0.0 4.0 7.21 11.4 9.43 7.21 13.0 11.7 4.0 7.28 18.25 23.77 7.28 14.87 8.06 23.77 11.0
3.0 18.97 19.7 16.28 7.21 18.0 13.42 12.53 24.35 31.3 15.23 6.0 13.42 18.0 28.0 6.0 16.64 6.4 18.97 31.3 7.21 16.28 28.28 6.4 24.35 18.97 28.0 28.0 12.53 18.0 0.0 12.53 24.35 9.43 0.0 17.46 12.53 28.28 4.0 3.0 0.0 17.46 24.35 31.3 15.23 16.64 9.43 17.46 6.4 4.0 9.43 6.4 24.35 9.43 18.0 31.3 7.21 18.0 15.23 15.23 7.21 16.28 31.3 9.43 0.0 9.43 28.28 18.97 17.46 31.3 16.28 16.64 12.53 24.35 10.0 0.0 7.21 7.21 17.46 18.0 18.0 6.4 19.7 4.0 16.64 15.23 18.0 6.4 17.46 6.0 12.53 16.28 10.0 4.0 9.43 4.0 25.5 15.23 18.0 15.23 7.21 0.0 18.0 17.46 18.0 16.28 18.0 25.5 18.97 3.0 18.0 15.23 12.53 12.0 24.35 9.43 24.35 12.53 9.43 28.28 9.43 28.28 12.53 28.28 28.28 3.0 3.0 7.21 31.3 28.0 12.53 4.0 31.3 0.0 25.5 18.0 28.28 18.0 18.97 18.97 6.4 23.35 28.28 9.43 28.28 18.97 12.53 18.0 12.53 28.0 13.42 25.5 3.0 6.0 19.7 28.0 0.0 15.23 0.0 24.35 17.46 24.35 17.46 16.28 23.35 18.0 0.0 25.5 18.97 12.53 17.46 3.0 3.0 16.28 4.0 6.4 12.0 12.0 7.21 12.53 15.23 10.0 4.0 10.0 9.43 6.4 16.64 12.53 0.0 16.64 19.7 7.21 6.4 13.42 25.5 31.3 13.42 18.97 6.0 31.3 10.0
18.38 26.93 4.12 8.6 23.0 4.12 5.39 24.04 7.21 14.87 25.08 11.7 5.39 22.02 11.7 11.7 12.81 12.0 26.93 14.87 23.0 8.6 11.0 12.0 7.21 26.93 11.7 11.7 24.04 22.02 17.46 24.04 7.21 12.65 17.46 0.0 13.04 11.0 17.0 18.38 17.46 0.0 7.21 14.87 25.08 12.81 12.65 0.0 12.0 17.0 12.65 12.0 7.21 12.65 22.02 14.87 23.0 22.02 25.08 25.08 23.0 8.6 14.87 12.65 17.46 12.65 11.0 26.93 0.0 14.87 8.6 12.81 13.04 7.21 23.35 17.46 23.0 23.0 0.0 22.02 22.02 12.0 4.12 17.0 12.81 25.08 22.02 12.0 0.0 11.7 13.04 8.6 23.35 17.0 12.65 17.0 9.22 25.08 4.12 25.08 23.0 17.46 4.12 0.0 22.02 8.6 4.12 9.22 26.93 18.38 4.12 25.08 13.04 6.4 7.21 12.65 7.21 24.04 12.65 11.0 12.65 11.0 13.04 11.0 11.0 18.38 18.38 23.0 14.87 11.7 24.04 17.0 14.87 17.46 9.22 22.02 11.0 22.02 26.93 26.93 12.0 6.0 11.0 12.65 11.0 26.93 13.04 4.12 13.04 11.7 5.39 9.22 18.38 11.7 4.12 11.7 17.46 25.08 17.46 7.21 0.0 7.21 0.0 8.6 6.0 4.12 17.46 9.22 26.93 13.04 0.0 18.38 18.38 8.6 17.0 12.0 6.4 6.4 23.0 13.04 25.08 23.35 17.0 23.35 12.65 12.0 12.81 24.04 17.46 12.81 4.12 23.0 12.0 5.39 9.22 14.87 5.39 26.93 11.7 14.87 23.35
15.23 13.89 12.37 6.0 13.89 16.28 7.81 12.0 17.26 22.2 12.37 11.0 7.81 9.22 24.6 11.0 4.24 7.07 13.89 22.2 13.89 6.0 23.09 7.07 17.26 13.89 24.6 24.6 12.0 9.22 12.53 12.0 17.26 3.16 12.53 13.04 0.0 23.09 9.22 15.23 12.53 13.04 17.26 22.2 12.37 4.24 3.16 13.04 7.07 9.22 3.16 7.07 17.26 3.16 9.22 22.2 13.89 9.22 12.37 12.37 13.89 6.0 22.2 3.16 12.53 3.16 23.09 13.89 13.04 22.2 6.0 4.24 0.0 17.26 12.37 12.53 13.89 13.89 13.04 9.22 9.22 7.07 12.37 9.22 4.24 12.37 9.22 7.07 13.04 11.0 0.0 6.0 12.37 9.22 3.16 9.22 17.0 12.37 16.28 12.37 13.89 12.53 16.28 13.04 9.22 6.0 16.28 17.0 13.89 15.23 16.28 12.37 0.0 12.53 17.26 3.16 17.26 12.0 3.16 23.09 3.16 23.09 0.0 23.09 23.09 15.23 15.23 13.89 22.2 24.6 12.0 9.22 22.2 12.53 17.0 9.22 23.09 9.22 13.89 13.89 7.07 18.38 23.09 3.16 23.09 13.89 0.0 16.28 0.0 24.6 7.81 17.0 15.23 11.0 12.37 24.6 12.53 12.37 12.53 17.26 13.04 17.26 13.04 6.0 18.38 16.28 12.53 17.0 13.89 0.0 13.04 15.23 15.23 6.0 9.22 7.07 12.53 12.53 13.89 0.0 12.37 12.37 9.22 12.37 3.16 7.07 4.24 12.0 12.53 4.24 12.37 13.89 7.07 7.81 17.0 22.2 7.81 13.89 11.0 22.2 12.37
