0.0 12.37 0.0 6.71 25.5 32.76 3.0 21.0 3.0 6.71 32.76 9.22 26.93 8.6 18.25 12.37 32.76 8.6 21.84 12.37 0.0
12.37 0.0 12.37 6.0 13.6 21.26 12.0 21.63 12.0 6.0 21.26 18.44 15.56 8.06 6.0 0.0 21.26 8.06 25.46 0.0 12.37
0.0 12.37 0.0 6.71 25.5 32.76 3.0 21.0 3.0 6.71 32.76 9.22 26.93 8.6 18.25 12.37 32.76 8.6 21.84 12.37 0.0
6.71 6.0 6.71 0.0 18.79 26.08 6.0 18.97 6.0 0.0 26.08 12.65 20.25 4.12 12.0 6.0 26.08 4.12 21.63 6.0 6.71
25.5 13.6 25.5 18.79 0.0 7.81 24.35 25.08 24.35 18.79 7.81 29.27 3.0 18.44 9.43 13.6 7.81 18.44 30.68 13.6 25.5
32.76 21.26 32.76 26.08 7.81 0.0 31.3 28.28 31.3 26.08 0.0 35.44 5.83 25.08 17.2 21.26 0.0 25.08 34.23 21.26 32.76
3.0 12.0 3.0 6.0 24.35 31.3 0.0 18.0 0.0 6.0 31.3 7.21 25.5 6.4 18.0 12.0 31.3 6.4 18.97 12.0 3.0
21.0 21.63 21.0 18.97 25.08 28.28 18.0 0.0 18.0 18.97 28.28 15.23 24.04 14.87 25.46 21.63 28.28 14.87 6.0 21.63 21.0
3.0 12.0 3.0 6.0 24.35 31.3 0.0 18.0 0.0 6.0 31.3 7.21 25.5 6.4 18.0 12.0 31.3 6.4 18.97 12.0 3.0
6.71 6.0 6.71 0.0 18.79 26.08 6.0 18.97 6.0 0.0 26.08 12.65 20.25 4.12 12.0 6.0 26.08 4.12 21.63 6.0 6.71
32.76 21.26 32.76 26.08 7.81 0.0 31.3 28.28 31.3 26.08 0.0 35.44 5.83 25.08 17.2 21.26 0.0 25.08 34.23 21.26 32.76
9.22 18.44 9.22 12.65 29.27 35.44 7.21 15.23 7.21 12.65 35.44 0.0 29.83 11.0 24.33 18.44 35.44 11.0 14.0 18.44 9.22
26.93 15.56 26.93 20.25 3.0 5.83 25.5 24.04 25.5 20.25 5.83 29.83 0.0 19.31 12.08 15.56 5.83 19.31 29.83 15.56 26.93
8.6 8.06 8.6 4.12 18.44 25.08 6.4 14.87 6.4 4.12 25.08 11.0 19.31 0.0 13.6 8.06 25.08 0.0 17.8 8.06 8.6
18.25 6.0 18.25 12.0 9.43 17.2 18.0 25.46 18.0 12.0 17.2 24.33 12.08 13.6 0.0 6.0 17.2 13.6 30.0 6.0 18.25
12.37 0.0 12.37 6.0 13.6 21.26 12.0 21.63 12.0 6.0 21.26 18.44 15.56 8.06 6.0 0.0 21.26 8.06 25.46 0.0 12.37
32.76 21.26 32.76 26.08 7.81 0.0 31.3 28.28 31.3 26.08 0.0 35.44 5.83 25.08 17.2 21.26 0.0 25.08 34.23 21.26 32.76
8.6 8.06 8.6 4.12 18.44 25.08 6.4 14.87 6.4 4.12 25.08 11.0 19.31 0.0 13.6 8.06 25.08 0.0 17.8 8.06 8.6
21.84 25.46 21.84 21.63 30.68 34.23 18.97 6.0 18.97 21.63 34.23 14.0 29.83 17.8 30.0 25.46 34.23 17.8 0.0 25.46 21.84
12.37 0.0 12.37 6.0 13.6 21.26 12.0 21.63 12.0 6.0 21.26 18.44 15.56 8.06 6.0 0.0 21.26 8.06 25.46 0.0 12.37
0.0 12.37 0.0 6.71 25.5 32.76 3.0 21.0 3.0 6.71 32.76 9.22 26.93 8.6 18.25 12.37 32.76 8.6 21.84 12.37 0.0
