0.0 6.0 7.72 26.34 13.12 16.77 19.97 7.72 25.47 18.79 13.52 9.75 10.09 7.72 10.09 15.61 16.77 13.52 7.72 16.97 19.97
6.0 0.0 7.12 24.93 8.55 15.07 17.32 7.12 24.75 16.77 11.35 3.75 6.91 7.12 6.91 13.1 15.07 11.35 7.12 13.42 17.32
7.72 7.12 0.0 18.75 7.5 9.06 12.3 0.0 18.14 11.07 5.86 9.03 3.75 0.0 3.75 7.97 9.06 5.86 0.0 9.78 12.3
26.34 24.93 18.75 0.0 18.14 9.86 8.55 18.75 3.0 8.25 13.58 24.76 18.06 18.75 18.06 12.0 9.86 13.58 18.75 13.1 8.55
13.12 8.55 7.5 18.14 0.0 9.06 9.75 7.5 18.75 10.01 5.86 6.91 3.75 7.5 3.75 6.41 9.06 5.86 7.5 5.3 9.75
16.77 15.07 9.06 9.86 9.06 0.0 4.04 9.06 9.86 2.12 3.75 15.17 8.25 9.06 8.25 2.7 0.0 3.75 9.06 5.41 4.04
19.97 17.32 12.3 8.55 9.75 4.04 0.0 12.3 9.78 2.25 6.45 16.57 10.45 12.3 10.45 4.37 4.04 6.45 12.3 4.56 0.0
7.72 7.12 0.0 18.75 7.5 9.06 12.3 0.0 18.14 11.07 5.86 9.03 3.75 0.0 3.75 7.97 9.06 5.86 0.0 9.78 12.3
25.47 24.75 18.14 3.0 18.75 9.86 9.78 18.14 0.0 8.78 13.58 25.03 18.06 18.14 18.06 12.37 9.86 13.58 18.14 14.09 9.78
18.79 16.77 11.07 8.25 10.01 2.12 2.25 11.07 8.78 0.0 5.46 16.52 9.86 11.07 9.86 3.75 2.12 5.46 11.07 5.41 2.25
13.52 11.35 5.86 13.58 5.86 3.75 6.45 5.86 13.58 5.46 0.0 11.47 4.5 5.86 4.5 2.12 3.75 0.0 5.86 4.56 6.45
9.75 3.75 9.03 24.76 6.91 15.17 16.57 9.03 25.03 16.52 11.47 0.0 7.12 9.03 7.12 12.77 15.17 11.47 9.03 12.21 16.57
10.09 6.91 3.75 18.06 3.75 8.25 10.45 3.75 18.06 9.86 4.5 7.12 0.0 3.75 0.0 6.18 8.25 4.5 3.75 6.91 10.45
7.72 7.12 0.0 18.75 7.5 9.06 12.3 0.0 18.14 11.07 5.86 9.03 3.75 0.0 3.75 7.97 9.06 5.86 0.0 9.78 12.3
10.09 6.91 3.75 18.06 3.75 8.25 10.45 3.75 18.06 9.86 4.5 7.12 0.0 3.75 0.0 6.18 8.25 4.5 3.75 6.91 10.45
15.61 13.1 7.97 12.0 6.41 2.7 4.37 7.97 12.37 3.75 2.12 12.77 6.18 7.97 6.18 0.0 2.7 2.12 7.97 3.09 4.37
16.77 15.07 9.06 9.86 9.06 0.0 4.04 9.06 9.86 2.12 3.75 15.17 8.25 9.06 8.25 2.7 0.0 3.75 9.06 5.41 4.04
13.52 11.35 5.86 13.58 5.86 3.75 6.45 5.86 13.58 5.46 0.0 11.47 4.5 5.86 4.5 2.12 3.75 0.0 5.86 4.56 6.45
7.72 7.12 0.0 18.75 7.5 9.06 12.3 0.0 18.14 11.07 5.86 9.03 3.75 0.0 3.75 7.97 9.06 5.86 0.0 9.78 12.3
16.97 13.42 9.78 13.1 5.3 5.41 4.56 9.78 14.09 5.41 4.56 12.21 6.91 9.78 6.91 3.09 5.41 4.56 9.78 0.0 4.56
19.97 17.32 12.3 8.55 9.75 4.04 0.0 12.3 9.78 2.25 6.45 16.57 10.45 12.3 10.45 4.37 4.04 6.45 12.3 4.56 0.0
