0.0 10.0 10.0 10.0 23.77 11.66 32.76 5.83 17.89 14.0 11.66 32.76 23.77 5.83 26.08 32.76 21.26 14.87 17.2 21.26 14.87
10.0 0.0 0.0 0.0 23.35 10.77 28.86 8.6 16.12 4.0 10.77 28.86 23.35 8.6 22.36 28.86 16.49 11.0 10.77 16.49 11.0
10.0 0.0 0.0 0.0 23.35 10.77 28.86 8.6 16.12 4.0 10.77 28.86 23.35 8.6 22.36 28.86 16.49 11.0 10.77 16.49 11.0
10.0 0.0 0.0 0.0 23.35 10.77 28.86 8.6 16.12 4.0 10.77 28.86 23.35 8.6 22.36 28.86 16.49 11.0 10.77 16.49 11.0
23.77 23.35 23.35 23.35 0.0 13.0 12.08 18.25 7.28 24.35 13.0 12.08 0.0 18.25 8.06 12.08 10.63 12.65 15.26 10.63 12.65
11.66 10.77 10.77 10.77 13.0 0.0 21.1 5.83 6.32 12.81 0.0 21.1 13.0 5.83 14.42 21.1 10.0 4.12 8.0 10.0 4.12
32.76 28.86 28.86 28.86 12.08 21.1 0.0 26.93 15.0 28.16 21.1 0.0 12.08 26.93 6.71 0.0 12.37 18.38 18.25 12.37 18.38
5.83 8.6 8.6 8.6 18.25 5.83 26.93 0.0 12.08 12.08 5.83 26.93 18.25 0.0 20.25 26.93 15.56 9.22 12.08 15.56 9.22
17.89 16.12 16.12 16.12 7.28 6.32 15.0 12.08 0.0 17.09 6.32 15.0 7.28 12.08 8.49 15.0 6.0 5.39 8.49 6.0 5.39
14.0 4.0 4.0 4.0 24.35 12.81 28.16 12.08 17.09 0.0 12.81 28.16 24.35 12.08 22.0 28.16 16.0 11.7 10.0 16.0 11.7
11.66 10.77 10.77 10.77 13.0 0.0 21.1 5.83 6.32 12.81 0.0 21.1 13.0 5.83 14.42 21.1 10.0 4.12 8.0 10.0 4.12
32.76 28.86 28.86 28.86 12.08 21.1 0.0 26.93 15.0 28.16 21.1 0.0 12.08 26.93 6.71 0.0 12.37 18.38 18.25 12.37 18.38
23.77 23.35 23.35 23.35 0.0 13.0 12.08 18.25 7.28 24.35 13.0 12.08 0.0 18.25 8.06 12.08 10.63 12.65 15.26 10.63 12.65
5.83 8.6 8.6 8.6 18.25 5.83 26.93 0.0 12.08 12.08 5.83 26.93 18.25 0.0 20.25 26.93 15.56 9.22 12.08 15.56 9.22
26.08 22.36 22.36 22.36 8.06 14.42 6.71 20.25 8.49 22.0 14.42 6.71 8.06 20.25 0.0 6.71 6.0 11.7 12.0 6.0 11.7
32.76 28.86 28.86 28.86 12.08 21.1 0.0 26.93 15.0 28.16 21.1 0.0 12.08 26.93 6.71 0.0 12.37 18.38 18.25 12.37 18.38
21.26 16.49 16.49 16.49 10.63 10.0 12.37 15.56 6.0 16.0 10.0 12.37 10.63 15.56 6.0 12.37 0.0 6.4 6.0 0.0 6.4
14.87 11.0 11.0 11.0 12.65 4.12 18.38 9.22 5.39 11.7 4.12 18.38 12.65 9.22 11.7 18.38 6.4 0.0 4.12 6.4 0.0
17.2 10.77 10.77 10.77 15.26 8.0 18.25 12.08 8.49 10.0 8.0 18.25 15.26 12.08 12.0 18.25 6.0 4.12 0.0 6.0 4.12
21.26 16.49 16.49 16.49 10.63 10.0 12.37 15.56 6.0 16.0 10.0 12.37 10.63 15.56 6.0 12.37 0.0 6.4 6.0 0.0 6.4
14.87 11.0 11.0 11.0 12.65 4.12 18.38 9.22 5.39 11.7 4.12 18.38 12.65 9.22 11.7 18.38 6.4 0.0 4.12 6.4 0.0
