0.0 14.77 14.23 10.92 4.5 8.08 9.0 15.66 0.0 3.0 12.09 9.0 12.09 6.71 0.0 14.23 4.5 14.77 3.35 8.08 3.35
14.77 0.0 10.5 11.42 10.82 10.61 7.5 10.61 14.77 12.09 8.75 7.5 3.0 16.5 14.77 10.5 10.82 0.0 15.3 10.61 18.12
14.23 10.5 0.0 18.31 10.06 15.95 6.36 1.5 14.23 11.42 16.77 6.36 10.92 19.56 14.23 0.0 10.06 10.5 16.77 15.95 16.77
10.92 11.42 18.31 0.0 10.61 3.0 12.09 19.21 10.92 10.5 3.0 12.09 8.75 7.5 10.92 18.31 10.61 11.42 8.75 3.0 13.42
4.5 10.82 10.06 10.61 0.0 7.65 4.5 11.42 4.5 1.5 10.61 4.5 8.49 9.6 4.5 10.06 0.0 10.82 6.71 7.65 7.65
8.08 10.61 15.95 3.0 7.65 0.0 9.6 16.97 8.08 7.5 4.24 9.6 7.65 6.18 8.08 15.95 7.65 10.61 6.36 0.0 10.82
9.0 7.5 6.36 12.09 4.5 9.6 0.0 7.5 9.0 6.0 10.92 0.0 6.18 13.42 9.0 6.36 4.5 7.5 10.92 9.6 12.09
15.66 10.61 1.5 19.21 11.42 16.97 7.5 0.0 15.66 12.82 17.49 7.5 11.42 20.84 15.66 1.5 11.42 10.61 18.12 16.97 18.25
0.0 14.77 14.23 10.92 4.5 8.08 9.0 15.66 0.0 3.0 12.09 9.0 12.09 6.71 0.0 14.23 4.5 14.77 3.35 8.08 3.35
3.0 12.09 11.42 10.5 1.5 7.5 6.0 12.82 3.0 0.0 10.92 6.0 9.6 8.49 3.0 11.42 1.5 12.09 5.41 7.5 6.18
12.09 8.75 16.77 3.0 10.61 4.24 10.92 17.49 12.09 10.92 0.0 10.92 6.36 10.06 12.09 16.77 10.61 8.75 10.61 4.24 15.0
9.0 7.5 6.36 12.09 4.5 9.6 0.0 7.5 9.0 6.0 10.92 0.0 6.18 13.42 9.0 6.36 4.5 7.5 10.92 9.6 12.09
12.09 3.0 10.92 8.75 8.49 7.65 6.18 11.42 12.09 9.6 6.36 6.18 0.0 13.5 12.09 10.92 8.49 3.0 12.37 7.65 15.44
6.71 16.5 19.56 7.5 9.6 6.18 13.42 20.84 6.71 8.49 10.06 13.42 13.5 0.0 6.71 19.56 9.6 16.5 3.35 6.18 7.5
0.0 14.77 14.23 10.92 4.5 8.08 9.0 15.66 0.0 3.0 12.09 9.0 12.09 6.71 0.0 14.23 4.5 14.77 3.35 8.08 3.35
14.23 10.5 0.0 18.31 10.06 15.95 6.36 1.5 14.23 11.42 16.77 6.36 10.92 19.56 14.23 0.0 10.06 10.5 16.77 15.95 16.77
4.5 10.82 10.06 10.61 0.0 7.65 4.5 11.42 4.5 1.5 10.61 4.5 8.49 9.6 4.5 10.06 0.0 10.82 6.71 7.65 7.65
14.77 0.0 10.5 11.42 10.82 10.61 7.5 10.61 14.77 12.09 8.75 7.5 3.0 16.5 14.77 10.5 10.82 0.0 15.3 10.61 18.12
3.35 15.3 16.77 8.75 6.71 6.36 10.92 18.12 3.35 5.41 10.61 10.92 12.37 3.35 3.35 16.77 6.71 15.3 0.0 6.36 4.74
8.08 10.61 15.95 3.0 7.65 0.0 9.6 16.97 8.08 7.5 4.24 9.6 7.65 6.18 8.08 15.95 7.65 10.61 6.36 0.0 10.82
3.35 18.12 16.77 13.42 7.65 10.82 12.09 18.25 3.35 6.18 15.0 12.09 15.44 7.5 3.35 16.77 7.65 18.12 4.74 10.82 0.0
