0.0 15.61 16.97 16.05 18.79 18.79 10.09 16.97 3.75 9.75 23.84 19.97 6.0 10.09 13.12 9.75 23.84 19.97 10.09 16.97 13.52
15.61 0.0 3.09 0.75 3.75 3.75 6.18 3.09 13.79 12.77 9.03 4.37 13.1 6.18 6.41 12.77 9.03 4.37 6.18 3.09 2.12
16.97 3.09 0.0 2.37 5.41 5.41 6.91 0.0 14.56 12.21 10.01 4.56 13.42 6.91 5.3 12.21 10.01 4.56 6.91 0.0 4.56
16.05 0.75 2.37 0.0 3.82 3.82 6.41 2.37 14.09 12.75 9.0 4.04 13.29 6.41 6.18 12.75 9.0 4.04 6.41 2.37 2.7
18.79 3.75 5.41 3.82 0.0 0.0 9.86 5.41 17.32 16.52 5.3 2.25 16.77 9.86 10.01 16.52 5.3 2.25 9.86 5.41 5.46
18.79 3.75 5.41 3.82 0.0 0.0 9.86 5.41 17.32 16.52 5.3 2.25 16.77 9.86 10.01 16.52 5.3 2.25 9.86 5.41 5.46
10.09 6.18 6.91 6.41 9.86 9.86 0.0 6.91 7.72 7.12 15.17 10.45 6.91 0.0 3.75 7.12 15.17 10.45 0.0 6.91 4.5
16.97 3.09 0.0 2.37 5.41 5.41 6.91 0.0 14.56 12.21 10.01 4.56 13.42 6.91 5.3 12.21 10.01 4.56 6.91 0.0 4.56
3.75 13.79 14.56 14.09 17.32 17.32 7.72 14.56 0.0 6.0 22.56 18.12 2.25 7.72 10.09 6.0 22.56 18.12 7.72 14.56 11.86
9.75 12.77 12.21 12.75 16.52 16.52 7.12 12.21 6.0 0.0 21.75 16.57 3.75 7.12 6.91 0.0 21.75 16.57 7.12 12.21 11.47
23.84 9.03 10.01 9.0 5.3 5.3 15.17 10.01 22.56 21.75 0.0 5.46 22.07 15.17 15.07 21.75 0.0 5.46 15.17 10.01 10.74
19.97 4.37 4.56 4.04 2.25 2.25 10.45 4.56 18.12 16.57 5.46 0.0 17.32 10.45 9.75 16.57 5.46 0.0 10.45 4.56 6.45
6.0 13.1 13.42 13.29 16.77 16.77 6.91 13.42 2.25 3.75 22.07 17.32 0.0 6.91 8.55 3.75 22.07 17.32 6.91 13.42 11.35
10.09 6.18 6.91 6.41 9.86 9.86 0.0 6.91 7.72 7.12 15.17 10.45 6.91 0.0 3.75 7.12 15.17 10.45 0.0 6.91 4.5
13.12 6.41 5.3 6.18 10.01 10.01 3.75 5.3 10.09 6.91 15.07 9.75 8.55 3.75 0.0 6.91 15.07 9.75 3.75 5.3 5.86
9.75 12.77 12.21 12.75 16.52 16.52 7.12 12.21 6.0 0.0 21.75 16.57 3.75 7.12 6.91 0.0 21.75 16.57 7.12 12.21 11.47
23.84 9.03 10.01 9.0 5.3 5.3 15.17 10.01 22.56 21.75 0.0 5.46 22.07 15.17 15.07 21.75 0.0 5.46 15.17 10.01 10.74
19.97 4.37 4.56 4.04 2.25 2.25 10.45 4.56 18.12 16.57 5.46 0.0 17.32 10.45 9.75 16.57 5.46 0.0 10.45 4.56 6.45
10.09 6.18 6.91 6.41 9.86 9.86 0.0 6.91 7.72 7.12 15.17 10.45 6.91 0.0 3.75 7.12 15.17 10.45 0.0 6.91 4.5
16.97 3.09 0.0 2.37 5.41 5.41 6.91 0.0 14.56 12.21 10.01 4.56 13.42 6.91 5.3 12.21 10.01 4.56 6.91 0.0 4.56
13.52 2.12 4.56 2.7 5.46 5.46 4.5 4.56 11.86 11.47 10.74 6.45 11.35 4.5 5.86 11.47 10.74 6.45 4.5 4.56 0.0
