0.0 12.09 20.18 3.35 12.09 13.5 8.08 2.12 16.77 10.92 13.5 14.85 14.77 15.44 13.5 15.66 4.5 12.09 9.12 13.42 3.35
12.09 0.0 20.01 15.44 0.0 22.15 7.65 10.06 26.24 8.75 22.15 4.5 3.0 19.73 22.15 11.42 8.49 6.36 19.21 1.5 14.23
20.18 20.01 0.0 21.63 20.01 15.0 24.19 20.18 18.25 26.83 15.0 24.42 19.56 7.5 15.0 9.0 17.1 25.63 17.1 19.73 23.43
3.35 15.44 21.63 0.0 15.44 12.37 10.82 5.41 15.0 13.42 12.37 18.06 18.12 15.95 12.37 18.25 7.65 15.0 7.65 16.77 3.0
12.09 0.0 20.01 15.44 0.0 22.15 7.65 10.06 26.24 8.75 22.15 4.5 3.0 19.73 22.15 11.42 8.49 6.36 19.21 1.5 14.23
13.5 22.15 15.0 12.37 22.15 0.0 21.21 15.07 4.24 24.19 0.0 26.2 23.72 7.5 0.0 17.49 14.23 24.74 4.74 22.9 15.3
8.08 7.65 24.19 10.82 7.65 21.21 0.0 6.18 24.74 3.0 21.21 8.08 10.61 21.48 21.21 16.97 7.65 4.24 17.1 9.12 8.49
2.12 10.06 20.18 5.41 10.06 15.07 6.18 0.0 18.55 9.12 15.07 12.73 12.82 16.16 15.07 14.77 3.35 10.06 10.92 11.42 4.5
16.77 26.24 18.25 15.0 26.24 4.24 24.74 18.55 0.0 27.66 4.24 30.19 27.9 10.92 4.24 21.63 18.12 28.46 7.65 27.04 18.0
10.92 8.75 26.83 13.42 8.75 24.19 3.0 9.12 27.66 0.0 24.19 7.5 11.42 24.42 24.19 19.21 10.61 3.0 20.01 10.06 10.82
13.5 22.15 15.0 12.37 22.15 0.0 21.21 15.07 4.24 24.19 0.0 26.2 23.72 7.5 0.0 17.49 14.23 24.74 4.74 22.9 15.3
14.85 4.5 24.42 18.06 4.5 26.2 8.08 12.73 30.19 7.5 26.2 0.0 5.41 24.19 26.2 15.66 12.09 4.5 22.9 4.74 16.22
14.77 3.0 19.56 18.12 3.0 23.72 10.61 12.82 27.9 11.42 23.72 5.41 0.0 20.4 23.72 10.61 10.82 8.75 21.21 1.5 17.1
15.44 19.73 7.5 15.95 19.73 7.5 21.48 16.16 10.92 24.42 7.5 24.19 20.4 0.0 7.5 11.72 13.83 24.05 10.06 20.01 18.31
13.5 22.15 15.0 12.37 22.15 0.0 21.21 15.07 4.24 24.19 0.0 26.2 23.72 7.5 0.0 17.49 14.23 24.74 4.74 22.9 15.3
15.66 11.42 9.0 18.25 11.42 17.49 16.97 14.77 21.63 19.21 17.49 15.66 10.61 11.72 17.49 0.0 11.42 17.49 17.1 10.92 18.97
4.5 8.49 17.1 7.65 8.49 14.23 7.65 3.35 18.12 10.61 14.23 12.09 10.82 13.83 14.23 11.42 0.0 10.61 10.82 9.6 7.65
12.09 6.36 25.63 15.0 6.36 24.74 4.24 10.06 28.46 3.0 24.74 4.5 8.75 24.05 24.74 17.49 10.61 0.0 20.89 7.5 12.73
9.12 19.21 17.1 7.65 19.21 4.74 17.1 10.92 7.65 20.01 4.74 22.9 21.21 10.06 4.74 17.1 10.82 20.89 0.0 20.18 10.61
13.42 1.5 19.73 16.77 1.5 22.9 9.12 11.42 27.04 10.06 22.9 4.74 1.5 20.01 22.9 10.92 9.6 7.5 20.18 0.0 15.66
3.35 14.23 23.43 3.0 14.23 15.3 8.49 4.5 18.0 10.82 15.3 16.22 17.1 18.31 15.3 18.97 7.65 12.73 10.61 15.66 0.0
