0.0 6.71 3.35 0.0 13.58 9.0 6.71 14.77 13.58 5.41 13.5 12.09 12.09 18.06 15.66 3.35 12.09 3.35 3.0 17.1 13.83
6.71 0.0 3.35 6.71 17.1 13.42 12.0 16.5 17.1 6.18 19.73 10.06 10.06 24.6 20.84 4.5 10.06 3.35 8.49 23.72 19.5
3.35 3.35 0.0 3.35 15.07 10.92 9.12 15.3 15.07 4.74 16.57 10.61 10.61 21.32 18.12 2.12 10.61 0.0 5.41 20.4 16.57
0.0 6.71 3.35 0.0 13.58 9.0 6.71 14.77 13.58 5.41 13.5 12.09 12.09 18.06 15.66 3.35 12.09 3.35 3.0 17.1 13.83
13.58 17.1 15.07 13.58 0.0 4.74 18.12 4.5 0.0 10.92 20.18 11.72 11.72 15.07 6.18 16.5 11.72 15.07 10.61 15.3 22.3
9.0 13.42 10.92 9.0 4.74 0.0 13.42 7.5 4.74 7.5 16.22 10.92 10.92 13.83 7.5 12.09 10.92 10.92 6.0 13.58 18.06
6.71 12.0 9.12 6.71 18.12 13.42 0.0 20.4 18.12 12.09 8.08 18.79 18.79 16.77 18.06 7.5 18.79 9.12 8.49 15.44 7.5
14.77 16.5 15.3 14.77 4.5 7.5 20.4 0.0 4.5 10.61 23.72 8.75 8.75 19.56 10.61 17.1 8.75 15.3 12.09 19.73 25.54
13.58 17.1 15.07 13.58 0.0 4.74 18.12 4.5 0.0 10.92 20.18 11.72 11.72 15.07 6.18 16.5 11.72 15.07 10.61 15.3 22.3
5.41 6.18 4.74 5.41 10.92 7.5 12.09 10.61 10.92 0.0 18.25 6.71 6.71 20.12 15.0 6.71 6.71 4.74 4.5 19.5 18.97
13.5 19.73 16.57 13.5 20.18 16.22 8.08 23.72 20.18 18.25 0.0 24.74 24.74 12.0 17.49 15.3 24.74 16.57 13.83 10.5 3.0
12.09 10.06 10.61 12.09 11.72 10.92 18.79 8.75 11.72 6.71 24.74 0.0 0.0 24.74 17.49 12.73 0.0 10.61 10.92 24.42 25.63
12.09 10.06 10.61 12.09 11.72 10.92 18.79 8.75 11.72 6.71 24.74 0.0 0.0 24.74 17.49 12.73 0.0 10.61 10.92 24.42 25.63
18.06 24.6 21.32 18.06 15.07 13.83 16.77 19.56 15.07 20.12 12.0 24.74 24.74 0.0 9.49 21.21 24.74 21.32 16.22 1.5 15.0
15.66 20.84 18.12 15.66 6.18 7.5 18.06 10.61 6.18 15.0 17.49 17.49 17.49 9.49 0.0 18.97 17.49 18.12 12.82 10.06 20.12
3.35 4.5 2.12 3.35 16.5 12.09 7.5 17.1 16.5 6.71 15.3 12.73 12.73 21.21 18.97 0.0 12.73 2.12 6.18 20.18 15.0
12.09 10.06 10.61 12.09 11.72 10.92 18.79 8.75 11.72 6.71 24.74 0.0 0.0 24.74 17.49 12.73 0.0 10.61 10.92 24.42 25.63
3.35 3.35 0.0 3.35 15.07 10.92 9.12 15.3 15.07 4.74 16.57 10.61 10.61 21.32 18.12 2.12 10.61 0.0 5.41 20.4 16.57
3.0 8.49 5.41 3.0 10.61 6.0 8.49 12.09 10.61 4.5 13.83 10.92 10.92 16.22 12.82 6.18 10.92 5.41 0.0 15.44 14.77
17.1 23.72 20.4 17.1 15.3 13.58 15.44 19.73 15.3 19.5 10.5 24.42 24.42 1.5 10.06 20.18 24.42 20.4 15.44 0.0 13.5
13.83 19.5 16.57 13.83 22.3 18.06 7.5 25.54 22.3 18.97 3.0 25.63 25.63 15.0 20.12 15.0 25.63 16.57 14.77 13.5 0.0
