0.0 25.14 7.12 20.92 27.26 25.14 20.92 25.14 17.89 18.0 27.04 16.6 27.04 10.5 7.12 16.1 9.78 27.09 7.12 20.92 16.6
25.14 0.0 21.76 4.37 4.8 0.0 4.37 0.0 9.28 9.6 6.71 8.55 6.71 15.44 21.76 9.75 15.91 10.2 21.76 4.37 8.55
7.12 21.76 0.0 18.06 24.93 21.76 18.06 21.76 13.1 17.14 25.3 13.58 25.3 10.66 0.0 12.02 6.18 26.34 0.0 18.06 13.58
20.92 4.37 18.06 0.0 6.91 4.37 0.0 4.37 6.91 5.71 7.72 4.5 7.72 11.07 18.06 6.41 12.0 10.09 18.06 0.0 4.5
27.26 4.8 24.93 6.91 0.0 4.8 6.91 4.8 13.42 9.75 2.25 11.35 2.25 16.92 24.93 13.29 18.81 6.0 24.93 6.91 11.35
25.14 0.0 21.76 4.37 4.8 0.0 4.37 0.0 9.28 9.6 6.71 8.55 6.71 15.44 21.76 9.75 15.91 10.2 21.76 4.37 8.55
20.92 4.37 18.06 0.0 6.91 4.37 0.0 4.37 6.91 5.71 7.72 4.5 7.72 11.07 18.06 6.41 12.0 10.09 18.06 0.0 4.5
25.14 0.0 21.76 4.37 4.8 0.0 4.37 0.0 9.28 9.6 6.71 8.55 6.71 15.44 21.76 9.75 15.91 10.2 21.76 4.37 8.55
17.89 9.28 13.1 6.91 13.42 9.28 6.91 9.28 0.0 10.2 14.56 4.56 14.56 10.74 13.1 2.37 8.11 16.97 13.1 6.91 4.56
18.0 9.6 17.14 5.71 9.75 9.6 5.71 9.6 10.2 0.0 9.12 5.71 9.12 7.5 17.14 8.39 11.07 9.28 17.14 5.71 5.71
27.04 6.71 25.3 7.72 2.25 6.71 7.72 6.71 14.56 9.12 0.0 11.86 0.0 16.57 25.3 14.09 19.12 3.75 25.3 7.72 11.86
16.6 8.55 13.58 4.5 11.35 8.55 4.5 8.55 4.56 5.71 11.86 0.0 11.86 7.42 13.58 2.7 7.5 13.52 13.58 4.5 0.0
27.04 6.71 25.3 7.72 2.25 6.71 7.72 6.71 14.56 9.12 0.0 11.86 0.0 16.57 25.3 14.09 19.12 3.75 25.3 7.72 11.86
10.5 15.44 10.66 11.07 16.92 15.44 11.07 15.44 10.74 7.5 16.57 7.42 16.57 0.0 10.66 8.39 5.71 16.65 10.66 11.07 7.42
7.12 21.76 0.0 18.06 24.93 21.76 18.06 21.76 13.1 17.14 25.3 13.58 25.3 10.66 0.0 12.02 6.18 26.34 0.0 18.06 13.58
16.1 9.75 12.02 6.41 13.29 9.75 6.41 9.75 2.37 8.39 14.09 2.7 14.09 8.39 12.02 0.0 6.41 16.05 12.02 6.41 2.7
9.78 15.91 6.18 12.0 18.81 15.91 12.0 15.91 8.11 11.07 19.12 7.5 19.12 5.71 6.18 6.41 0.0 20.19 6.18 12.0 7.5
27.09 10.2 26.34 10.09 6.0 10.2 10.09 10.2 16.97 9.28 3.75 13.52 3.75 16.65 26.34 16.05 20.19 0.0 26.34 10.09 13.52
7.12 21.76 0.0 18.06 24.93 21.76 18.06 21.76 13.1 17.14 25.3 13.58 25.3 10.66 0.0 12.02 6.18 26.34 0.0 18.06 13.58
20.92 4.37 18.06 0.0 6.91 4.37 0.0 4.37 6.91 5.71 7.72 4.5 7.72 11.07 18.06 6.41 12.0 10.09 18.06 0.0 4.5
16.6 8.55 13.58 4.5 11.35 8.55 4.5 8.55 4.56 5.71 11.86 0.0 11.86 7.42 13.58 2.7 7.5 13.52 13.58 4.5 0.0
