0.0 12.37 21.84 19.24 8.6 28.16 8.6 32.76 28.86 12.08 19.24 8.6 8.6 28.16 18.38 32.76 7.0 12.37 18.38 25.5 8.6
12.37 0.0 25.46 14.32 8.06 16.0 8.06 21.26 16.49 10.63 14.32 8.06 8.06 16.0 6.4 21.26 12.65 0.0 6.4 13.6 8.06
21.84 25.46 0.0 15.52 17.8 38.47 17.8 34.23 36.77 14.87 15.52 17.8 17.8 38.47 26.93 34.23 15.23 25.46 26.93 30.68 17.8
19.24 14.32 15.52 0.0 10.77 23.6 10.77 19.0 21.47 7.21 0.0 10.77 10.77 23.6 12.81 19.0 13.45 14.32 12.81 15.23 10.77
8.6 8.06 17.8 10.77 0.0 23.35 0.0 25.08 23.0 4.0 10.77 0.0 0.0 23.35 12.0 25.08 5.0 8.06 12.0 18.44 0.0
28.16 16.0 38.47 23.6 23.35 0.0 23.35 14.0 4.0 24.35 23.6 23.35 23.35 0.0 11.7 14.0 28.28 16.0 11.7 9.43 23.35
8.6 8.06 17.8 10.77 0.0 23.35 0.0 25.08 23.0 4.0 10.77 0.0 0.0 23.35 12.0 25.08 5.0 8.06 12.0 18.44 0.0
32.76 21.26 34.23 19.0 25.08 14.0 25.08 0.0 10.0 23.77 19.0 25.08 25.08 14.0 14.87 0.0 29.73 21.26 14.87 7.81 25.08
28.86 16.49 36.77 21.47 23.0 4.0 23.0 10.0 0.0 23.35 21.47 23.0 23.0 4.0 11.0 10.0 28.0 16.49 11.0 6.4 23.0
12.08 10.63 14.87 7.21 4.0 24.35 4.0 23.77 23.35 0.0 7.21 4.0 4.0 24.35 12.65 23.77 6.4 10.63 12.65 18.0 4.0
19.24 14.32 15.52 0.0 10.77 23.6 10.77 19.0 21.47 7.21 0.0 10.77 10.77 23.6 12.81 19.0 13.45 14.32 12.81 15.23 10.77
8.6 8.06 17.8 10.77 0.0 23.35 0.0 25.08 23.0 4.0 10.77 0.0 0.0 23.35 12.0 25.08 5.0 8.06 12.0 18.44 0.0
8.6 8.06 17.8 10.77 0.0 23.35 0.0 25.08 23.0 4.0 10.77 0.0 0.0 23.35 12.0 25.08 5.0 8.06 12.0 18.44 0.0
28.16 16.0 38.47 23.6 23.35 0.0 23.35 14.0 4.0 24.35 23.6 23.35 23.35 0.0 11.7 14.0 28.28 16.0 11.7 9.43 23.35
18.38 6.4 26.93 12.81 12.0 11.7 12.0 14.87 11.0 12.65 12.81 12.0 12.0 11.7 0.0 14.87 17.0 6.4 0.0 7.21 12.0
32.76 21.26 34.23 19.0 25.08 14.0 25.08 0.0 10.0 23.77 19.0 25.08 25.08 14.0 14.87 0.0 29.73 21.26 14.87 7.81 25.08
7.0 12.65 15.23 13.45 5.0 28.28 5.0 29.73 28.0 6.4 13.45 5.0 5.0 28.28 17.0 29.73 0.0 12.65 17.0 23.35 5.0
12.37 0.0 25.46 14.32 8.06 16.0 8.06 21.26 16.49 10.63 14.32 8.06 8.06 16.0 6.4 21.26 12.65 0.0 6.4 13.6 8.06
18.38 6.4 26.93 12.81 12.0 11.7 12.0 14.87 11.0 12.65 12.81 12.0 12.0 11.7 0.0 14.87 17.0 6.4 0.0 7.21 12.0
25.5 13.6 30.68 15.23 18.44 9.43 18.44 7.81 6.4 18.0 15.23 18.44 18.44 9.43 7.21 7.81 23.35 13.6 7.21 0.0 18.44
8.6 8.06 17.8 10.77 0.0 23.35 0.0 25.08 23.0 4.0 10.77 0.0 0.0 23.35 12.0 25.08 5.0 8.06 12.0 18.44 0.0
