0.0 14.0 10.0 11.18 10.0 26.08 14.87 14.87 14.87 10.0 17.89 26.08 26.08 17.2 11.18 14.0 32.76 7.81 7.81 23.77 11.66
14.0 0.0 4.0 6.4 4.0 22.0 11.7 11.7 11.7 4.0 17.09 22.0 22.0 10.0 6.4 0.0 28.16 9.43 9.43 24.35 12.81
10.0 4.0 0.0 5.0 0.0 22.36 11.0 11.0 11.0 0.0 16.12 22.36 22.36 10.77 5.0 4.0 28.86 6.4 6.4 23.35 10.77
11.18 6.4 5.0 0.0 5.0 17.46 6.0 6.0 6.0 5.0 11.18 17.46 17.46 6.4 0.0 6.4 24.04 4.0 4.0 18.44 6.4
10.0 4.0 0.0 5.0 0.0 22.36 11.0 11.0 11.0 0.0 16.12 22.36 22.36 10.77 5.0 4.0 28.86 6.4 6.4 23.35 10.77
26.08 22.0 22.36 17.46 22.36 0.0 11.7 11.7 11.7 22.36 8.49 0.0 0.0 12.0 17.46 22.0 6.71 18.79 18.79 8.06 14.42
14.87 11.7 11.0 6.0 11.0 11.7 0.0 0.0 0.0 11.0 5.39 11.7 11.7 4.12 6.0 11.7 18.38 7.21 7.21 12.65 4.12
14.87 11.7 11.0 6.0 11.0 11.7 0.0 0.0 0.0 11.0 5.39 11.7 11.7 4.12 6.0 11.7 18.38 7.21 7.21 12.65 4.12
14.87 11.7 11.0 6.0 11.0 11.7 0.0 0.0 0.0 11.0 5.39 11.7 11.7 4.12 6.0 11.7 18.38 7.21 7.21 12.65 4.12
10.0 4.0 0.0 5.0 0.0 22.36 11.0 11.0 11.0 0.0 16.12 22.36 22.36 10.77 5.0 4.0 28.86 6.4 6.4 23.35 10.77
17.89 17.09 16.12 11.18 16.12 8.49 5.39 5.39 5.39 16.12 0.0 8.49 8.49 8.49 11.18 17.09 15.0 11.18 11.18 7.28 6.32
26.08 22.0 22.36 17.46 22.36 0.0 11.7 11.7 11.7 22.36 8.49 0.0 0.0 12.0 17.46 22.0 6.71 18.79 18.79 8.06 14.42
26.08 22.0 22.36 17.46 22.36 0.0 11.7 11.7 11.7 22.36 8.49 0.0 0.0 12.0 17.46 22.0 6.71 18.79 18.79 8.06 14.42
17.2 10.0 10.77 6.4 10.77 12.0 4.12 4.12 4.12 10.77 8.49 12.0 12.0 0.0 6.4 10.0 18.25 9.43 9.43 15.26 8.0
11.18 6.4 5.0 0.0 5.0 17.46 6.0 6.0 6.0 5.0 11.18 17.46 17.46 6.4 0.0 6.4 24.04 4.0 4.0 18.44 6.4
14.0 0.0 4.0 6.4 4.0 22.0 11.7 11.7 11.7 4.0 17.09 22.0 22.0 10.0 6.4 0.0 28.16 9.43 9.43 24.35 12.81
32.76 28.16 28.86 24.04 28.86 6.71 18.38 18.38 18.38 28.86 15.0 6.71 6.71 18.25 24.04 28.16 0.0 25.5 25.5 12.08 21.1
7.81 9.43 6.4 4.0 6.4 18.79 7.21 7.21 7.21 6.4 11.18 18.79 18.79 9.43 4.0 9.43 25.5 0.0 0.0 18.0 5.0
7.81 9.43 6.4 4.0 6.4 18.79 7.21 7.21 7.21 6.4 11.18 18.79 18.79 9.43 4.0 9.43 25.5 0.0 0.0 18.0 5.0
23.77 24.35 23.35 18.44 23.35 8.06 12.65 12.65 12.65 23.35 7.28 8.06 8.06 15.26 18.44 24.35 12.08 18.0 18.0 0.0 13.0
11.66 12.81 10.77 6.4 10.77 14.42 4.12 4.12 4.12 10.77 6.32 14.42 14.42 8.0 6.4 12.81 21.1 5.0 5.0 13.0 0.0
